"","p_val","avg_log2FC","pct.1","pct.2","p_val_adj"
"AY036118",1.24533219351875e-136,0.633214099944773,0.98,0.851,2.27422565180393e-132
"Ptprg",9.17660700579326e-89,0.31768464248161,0.981,0.972,1.67583197139797e-84
"Hspa8",3.25090585050779e-77,-0.326701824686179,0.908,0.992,5.93680426419733e-73
"Cldn5",4.14913215488634e-75,-0.205620662119196,0.981,0.999,7.57714514125344e-71
"Tuba1a",2.17426742337794e-71,-0.518930305631136,0.648,0.908,3.9706471685728e-67
"Rps28",1.087082276836e-69,-0.453781651176714,0.707,0.949,1.9852296539579e-65
"Itm2b",5.10132503993679e-68,-0.279068170304992,0.933,0.987,9.31603978793256e-64
"Sptbn1",4.28690290873242e-67,0.175778851304165,0.997,0.999,7.82874209192714e-63
"Rps29",8.45976987196238e-66,-0.242085872823892,0.947,1,1.54492317401777e-61
"Vwa1",1.401327766033e-64,-0.457545103472425,0.711,0.936,2.55910476632946e-60
"Flt1",1.38788197798331e-63,0.125922357976969,0.998,1,2.53455006819312e-59
"Actg1",4.23172331036199e-62,-0.315821060642043,0.905,0.992,7.72797310938307e-58
"Ubb",3.47766008842048e-61,-0.25140797627547,0.938,0.993,6.35090285347347e-57
"Hspb1",6.78713416956548e-61,-0.321766106041929,0.91,0.982,1.23946644204605e-56
"Klf2",1.82247164178547e-60,-0.341338141520937,0.891,0.979,3.32819771222863e-56
"Rpl37a",3.64306988069888e-60,-0.26138371592069,0.929,0.996,6.65297421613229e-56
"Bsg",4.00206349529285e-60,-0.184069194678077,0.992,1,7.3085683551038e-56
"Uba52",2.56963874714049e-59,-0.480274931241968,0.517,0.853,4.69267428002796e-55
"Sox18",1.69608056163823e-58,-0.466156681430464,0.665,0.908,3.09738232166374e-54
"Maml2",7.54133124530454e-58,0.546115702614125,0.789,0.572,1.37719791201752e-53
"Egfl7",1.10055753834747e-56,-0.295038515542628,0.902,0.979,2.00983817653016e-52
"Pltp",3.16138026206985e-56,-0.248712125673347,0.946,0.997,5.77331263459196e-52
"Rps21",4.84154098054755e-56,-0.2670676123535,0.927,0.987,8.84162213867593e-52
"Jund",5.26106439765145e-56,-0.506998461234871,0.59,0.881,9.60775580299107e-52
"Rpl38",5.31600255703847e-56,-0.296805939584951,0.921,0.987,9.70808386966365e-52
"Rps27",1.54795859338194e-54,-0.28319561587469,0.905,0.983,2.8268819832341e-50
"Crip2",2.54689713791127e-54,-0.315815003571192,0.859,0.973,4.65114355325357e-50
"Dnaja1",1.76293373414293e-53,-0.367044981515788,0.767,0.958,3.21946958529182e-49
"Rpl37",5.407067158079e-53,-0.282598195107557,0.905,0.984,9.87438604408387e-49
"Myl12b",1.36642711173335e-52,-0.340054142650393,0.823,0.962,2.49536919144745e-48
"Tubb5",7.17410768976014e-52,-0.460256745935506,0.52,0.843,1.310135546304e-47
"Rps4x",4.84412799225985e-51,-0.27802846866513,0.891,0.99,8.84634653946494e-47
"Id3",1.00650673549661e-50,-0.315486915475858,0.868,0.973,1.83808260036391e-46
"Vim",1.82681719543131e-48,-0.324846190708164,0.862,0.973,3.33613356229665e-44
"Gkn3",2.79302945202427e-48,-0.80269588690304,0.239,0.516,5.10063038528673e-44
"Rpl41",7.49241781094759e-47,-0.218977246200917,0.941,0.996,1.36826534063525e-42
"Icam2",1.65023509032253e-46,-0.411050351302513,0.599,0.87,3.013659321947e-42
"Tsc22d3",1.76853480377293e-45,-0.46889793331659,0.444,0.775,3.22969825865013e-41
"Fau",2.65108637218854e-45,-0.206763510875708,0.95,0.993,4.8414139328907e-41
"Plcb1",9.78050711323032e-45,0.343967505901083,0.916,0.892,1.78611620901812e-40
"Actb",2.22041850509841e-44,-0.146163654040101,0.992,0.999,4.05492827401072e-40
"Dusp1",7.89208527143842e-44,-0.506600549155603,0.477,0.778,1.44125261227008e-39
"Itm2a",1.69177616939664e-43,-0.324828937582233,0.884,0.969,3.08952164055214e-39
"Rnaset2b",2.48957873477876e-43,-0.436244506298838,0.317,0.694,4.54646868545298e-39
"Rps5",4.25490865711289e-42,-0.262375514334233,0.879,0.98,7.77031418961957e-38
"Sox17",1.6775514211483e-41,-0.380848411319965,0.682,0.895,3.06354440530102e-37
"Arl15",9.35345674547942e-41,0.406947962223561,0.891,0.796,1.70812827085945e-36
"Tinagl1",1.25401721327494e-40,-0.39704172140733,0.652,0.868,2.29008623488269e-36
"Apoe",1.59399829615348e-40,-0.345801771117987,0.789,0.939,2.91095968843549e-36
"Rps27rt",1.03451265268669e-39,-0.427552510396082,0.22,0.571,1.88922700633644e-35
"Fryl",6.64920022147255e-39,0.392512624139726,0.817,0.691,1.21427694444532e-34
"H3f3b",1.84482810709328e-38,-0.188765690401259,0.952,0.99,3.36902508917374e-34
"Rps3a1",2.17394276874982e-38,-0.236088750077243,0.913,0.977,3.97005428429092e-34
"Rpl35a",2.83582043291895e-38,-0.218373452749066,0.922,0.984,5.17877527459659e-34
"Ctsh",4.35474598717434e-37,-0.380004863096155,0.598,0.839,7.95263712177779e-33
"Gm2000",5.02067613839527e-37,-0.407354715848668,0.262,0.61,9.16875876393744e-33
"Magi1",1.2636995548083e-36,0.465656907797354,0.618,0.399,2.30776812699092e-32
"Esam",1.82901787540199e-36,-0.292825896228413,0.793,0.941,3.34015244405911e-32
"Pon2",2.41201110245185e-36,-0.381667466747668,0.477,0.796,4.40481467529757e-32
"Ltbp4",2.46428321208719e-36,-0.352466441057425,0.689,0.902,4.50027400191362e-32
"Rpl34",2.47825613400499e-36,-0.224332887312242,0.91,0.986,4.52579135191992e-32
"Ptprm",4.21239193172887e-36,0.262076767255952,0.943,0.924,7.69267014572327e-32
"Rpl6",4.30537207669001e-36,-0.241226694707963,0.891,0.98,7.8624704864513e-32
"Srsf3",5.16520160007359e-36,-0.368299130216357,0.55,0.833,9.43269116205439e-32
"Syne1",4.77166212964907e-35,0.3232983270848,0.877,0.836,8.71400938116513e-31
"Tuba1b",5.39995509526137e-35,-0.362999624447688,0.581,0.854,9.8613979949663e-31
"mt-Cytb",6.5138968680144e-35,-0.142367115499217,0.989,0.996,1.18956784603679e-30
"Zbtb20",7.35827193714042e-35,0.197809770941751,0.967,0.966,1.34376762116058e-30
"Wfdc1",9.96790924713034e-35,-0.337661237852061,0.675,0.899,1.82033958671094e-30
"Anxa3",1.23564547423492e-34,-0.298125970450099,0.762,0.926,2.25653576504781e-30
"Id1",1.870076736371e-34,-0.286984757449819,0.84,0.96,3.41513413596071e-30
"Utrn",8.77858757579784e-33,0.189837607904975,0.972,0.96,1.6031456630922e-28
"Pkp4",8.87282139677177e-32,0.349194149849878,0.795,0.65,1.62035464347846e-27
"Rpl21",1.61283487501697e-31,-0.191740037783251,0.925,0.993,2.945359048756e-27
"Rps7",2.09718864387273e-31,-0.220025021671641,0.901,0.972,3.82988590144039e-27
"Mecom",7.99535459630484e-31,0.256271788696926,0.93,0.914,1.46011165637719e-26
"Ier2",2.66898491428875e-30,-0.395664781858134,0.455,0.725,4.87410025047412e-26
"mt-Nd2",2.96586331050081e-30,-0.148879628040027,0.972,0.992,5.41625957763658e-26
"Pfdn5",2.97601480342169e-30,-0.301549002505518,0.691,0.908,5.4347982340087e-26
"Ramp2",3.34369910536834e-30,-0.233366701891298,0.901,0.962,6.10626330622367e-26
"Rps24",4.97815197127638e-30,-0.164159294579042,0.957,0.993,9.09110112994492e-26
"Ftl1",4.97872052227977e-30,-0.2422901583577,0.843,0.966,9.09213941778732e-26
"Insr",5.96327629204381e-30,0.346916332242777,0.803,0.7,1.08901351645304e-25
"Cst3",7.06072963725081e-30,-0.239110499271737,0.877,0.977,1.28943044635474e-25
"Edn1",9.29394011324828e-30,-0.514864863168175,0.334,0.601,1.6972593434814e-25
"Gnas",1.03024386636597e-29,-0.16343233432345,0.947,0.989,1.88143134875753e-25
"Eif1",1.66950084441608e-29,-0.188254260831168,0.925,0.982,3.04884244207264e-25
"Klf12",1.89158524514973e-29,0.312713411630026,0.846,0.816,3.45441297469244e-25
"Rpl9",1.9718643793166e-29,-0.170107261164042,0.949,0.99,3.60101872950797e-25
"Pard3",2.4066848748266e-29,0.372997085242574,0.685,0.54,4.39508791840834e-25
"mt-Atp8",5.48177314584397e-29,-0.361427808534597,0.425,0.732,1.00108141189403e-24
"Isyna1",7.38259871984136e-29,-0.364814625498026,0.342,0.642,1.34821017821743e-24
"Tsc22d1",8.77108968335516e-29,-0.19581670233371,0.925,0.982,1.60177639797432e-24
"Rhoc",1.06195991508941e-28,-0.356775055928469,0.509,0.776,1.93935119693627e-24
"Bc1",1.06554807218492e-28,-0.477260908963731,0.23,0.484,1.9459038894241e-24
"Tubb4b",1.22985371183293e-28,-0.376982411625334,0.385,0.683,2.24595884854929e-24
"Cnbp",1.26639576665743e-28,-0.31519817187427,0.606,0.851,2.31269194906979e-24
"Rpl27a",1.59342397952221e-28,-0.16633386659228,0.943,0.994,2.90991087140346e-24
"Jun",1.9966668300159e-28,-0.381574951895961,0.665,0.877,3.64631296497504e-24
"Arhgef12",2.31456876090125e-28,0.289838710629434,0.856,0.778,4.22686547115786e-24
"Myl12a",3.66750151068692e-28,-0.261151144343253,0.792,0.936,6.69759125881645e-24
"Sumo2",5.20081410321917e-28,-0.288590499968432,0.682,0.892,9.49772671529885e-24
"Selenok",5.24889242717328e-28,-0.278739384795325,0.7,0.907,9.58552735050385e-24
"Adamts9",5.25858537521503e-28,0.502249742537826,0.315,0.106,9.60322861221769e-24
"Rnaset2a",5.55192751405993e-28,-0.357283427256962,0.306,0.605,1.01389300261762e-23
"Clic1",6.00191586748946e-28,-0.307789906295811,0.646,0.88,1.09606987572093e-23
"Dach1",6.56551875013179e-28,0.377944218489326,0.716,0.589,1.19899503414907e-23
"Alas1",1.03319454335792e-27,-0.337937154950372,0.595,0.823,1.88681987508023e-23
"Apbb2",1.04503581097102e-27,0.297224715136872,0.846,0.796,1.90844439799528e-23
"Pdgfb",1.38848857899709e-27,-0.267350038223056,0.78,0.925,2.53565784296448e-23
"Tubb2a",1.75666592615364e-27,-0.371107012606699,0.297,0.575,3.20802331434178e-23
"Rpl13",2.86147747322558e-27,-0.146345462711005,0.963,0.993,5.22563016160456e-23
"Tpt1",3.12740021289956e-27,-0.120570753905468,0.977,0.996,5.71125826879717e-23
"Rpl7",6.33282498754152e-27,-0.207207933388392,0.89,0.976,1.15650049922483e-22
"Rpl3",6.39575653864016e-27,-0.227455932629317,0.845,0.967,1.16799305908647e-22
"Eif4a1",7.85575369839326e-27,-0.346589812150324,0.385,0.7,1.43461774040058e-22
"Rpl18",1.21068780260162e-26,-0.209219677203411,0.879,0.979,2.21095806511108e-22
"Rps8",1.22187533135784e-26,-0.134766140531419,0.964,0.999,2.23138873012568e-22
"Ier5",1.58378267714963e-26,-0.352985951575741,0.376,0.653,2.89230392501066e-22
"Cfl1",2.25216674061487e-26,-0.254353638894027,0.775,0.938,4.11290690171088e-22
"Rps20",2.52997833743407e-26,-0.190730911736924,0.911,0.979,4.6202464398221e-22
"Rplp0",3.3489320690572e-26,-0.254274861662721,0.787,0.941,6.11581974451227e-22
"Btg3",5.12356393117067e-26,-0.345748469054055,0.334,0.623,9.35665245110388e-22
"Exoc6b",5.30673709691677e-26,0.315914341343548,0.792,0.703,9.6911632863894e-22
"Ywhah",5.53837399609688e-26,-0.325428388649728,0.508,0.773,1.01141785916721e-21
"Aldh2",5.88445505808145e-26,-0.294949858616476,0.665,0.863,1.07461918270683e-21
"Rpl39",7.44192768797516e-26,-0.225894543664514,0.846,0.969,1.35904483437802e-21
"Rpl36",7.68520809083536e-26,-0.210497669645226,0.871,0.975,1.40347270154835e-21
"Eef1a1",1.01923754109821e-25,-0.148116093789546,0.95,0.994,1.86133159755355e-21
"Ebf1",1.26807442793574e-25,0.231568390808091,0.933,0.918,2.31575752029624e-21
"H2-D1",3.23800150028323e-25,-0.218240343656265,0.871,0.959,5.91323833981724e-21
"Nfkbia",3.65842728775608e-25,-0.240306215346379,0.826,0.952,6.68101991290015e-21
"Selenof",4.63045096700322e-25,-0.291239907037253,0.627,0.851,8.45612955594128e-21
"Msi2",4.81948817029243e-25,0.296583706760252,0.814,0.735,8.80134929658803e-21
"Rpl11",5.07442536441285e-25,-0.192456055423954,0.904,0.967,9.26691560049074e-21
"Mllt3",6.31719207624627e-25,0.357635342403209,0.675,0.544,1.15364561696409e-20
"Gpx4",1.0427424680562e-24,-0.279967634872373,0.691,0.878,1.90425629516423e-20
"Rpl30",1.43479307545026e-24,-0.189855419439373,0.904,0.979,2.62021911438727e-20
"Tmem59",2.10365262937484e-24,-0.265278552653486,0.688,0.897,3.84169043176433e-20
"Gsta4",2.24671076310166e-24,-0.369469245250397,0.404,0.666,4.10294319557626e-20
"H3f3a",2.52516852863635e-24,-0.184137321534812,0.905,0.97,4.6114627669957e-20
"Lncpint",3.00539300218868e-24,0.358669120128394,0.559,0.381,5.48844870059697e-20
"Rpl17",3.08384775959979e-24,-0.17922244074601,0.907,0.986,5.63172277858114e-20
"Rps10",3.70501279415454e-24,-0.185244802683719,0.904,0.982,6.76609436468502e-20
"Rps11",3.76355785590085e-24,-0.236756080571625,0.821,0.953,6.87300935644613e-20
"Dstn",5.88827497215744e-24,-0.266563431290869,0.711,0.902,1.07531677541539e-19
"Rps19",6.51040686766677e-24,-0.190214642946781,0.898,0.979,1.18893050217331e-19
"Cav2",1.01890816773815e-23,-0.306513246598431,0.543,0.776,1.86073009592341e-19
"H2afz",1.26678639940763e-23,-0.312552930683632,0.516,0.765,2.31340532259822e-19
"Rpl19",1.3461186902117e-23,-0.167375234652857,0.921,0.987,2.4582819520646e-19
"Cox7a2l",2.08137684928782e-23,-0.292788598968835,0.592,0.814,3.80101040216942e-19
"Bnip3l",2.4019077863419e-23,-0.275284402619157,0.663,0.868,4.38636399941758e-19
"Atp6v0e",2.87252770468337e-23,-0.29910446696144,0.502,0.754,5.24581009429277e-19
"Rps26",2.90920010532672e-23,-0.231604339346791,0.809,0.949,5.31278123234766e-19
"Ddx5",2.90945301865564e-23,-0.17294023352491,0.908,0.983,5.31324310266893e-19
"Gabarapl2",3.5980120678958e-23,-0.288576185206497,0.593,0.816,6.57068963839132e-19
"Foxp1",6.76615264481676e-23,0.195658012539392,0.925,0.946,1.23563479599644e-18
"Slc9a3r2",7.73990147080724e-23,-0.190189307651562,0.901,0.975,1.41346080659882e-18
"Btf3",9.07592120442414e-23,-0.256101357218424,0.705,0.884,1.65744473035194e-18
"Atrnl1",9.28215741078775e-23,0.358213065258938,0.54,0.367,1.69510758635806e-18
"Rhob",1.02668945549645e-22,-0.289672764551859,0.677,0.858,1.87494028362762e-18
"Rbfox2",1.04152340257726e-22,0.321284403004897,0.686,0.557,1.9020300377866e-18
"Gm42418",1.08422200426194e-22,0.0826493916502846,1,1,1.98000622418315e-18
"Rps9",1.22131610621398e-22,-0.179029525661242,0.899,0.984,2.23036747316797e-18
"Rps23",1.35253107717145e-22,-0.16259453544006,0.927,0.983,2.46999225313051e-18
"Tle5",1.43003619877849e-22,-0.282999857676498,0.615,0.833,2.61153210620927e-18
"Srp14",2.40104060329909e-22,-0.292949497619396,0.55,0.776,4.3847803497448e-18
"mt-Co2",3.00736155817273e-22,-0.108693362577805,0.98,0.997,5.49204367753503e-18
"Rps3",3.04673068758655e-22,-0.192094774209159,0.882,0.972,5.56393958167056e-18
"Arpc3",3.36626527719612e-22,-0.237682115738623,0.764,0.929,6.14747364921556e-18
"Rpl24",3.39982222394807e-22,-0.188477298397495,0.885,0.972,6.20875534537397e-18
"Lrba",4.16415772275217e-22,0.337669238169942,0.565,0.394,7.60458483329001e-18
"Chchd2",4.29158122857354e-22,-0.175167552926497,0.899,0.98,7.83728563962099e-18
"Ptma",4.74223678009242e-22,-0.120048071779327,0.98,0.993,8.66027280780478e-18
"Gm11808",4.86618052273725e-22,-0.288528245322309,0.138,0.388,8.88661887062277e-18
"Prex2",5.06134193850006e-22,0.23584000574618,0.89,0.871,9.24302264808881e-18
"Cdkn1a",6.42341139950614e-22,-0.3331166445569,0.483,0.742,1.17304338977781e-17
"Rps16",9.54358849873568e-22,-0.153521535792288,0.932,0.99,1.74285013163911e-17
"Etv6",9.88681237096042e-22,0.336508379653518,0.568,0.407,1.80552967518479e-17
"Zeb1",4.77417591335289e-21,0.302999035467288,0.742,0.633,8.71860005296505e-17
"Dock4",5.65964329939794e-21,0.286560093869801,0.795,0.722,1.03356405933605e-16
"Rps13",6.0016546142385e-21,-0.194971403751848,0.865,0.956,1.09602216565224e-16
"Naca",7.65631028272773e-21,-0.218701499027641,0.807,0.935,1.39819538383174e-16
"Vdac3",9.09778290817163e-21,-0.296250524828055,0.398,0.671,1.6614371146903e-16
"Tcf12",1.07706895937795e-20,0.278369622643483,0.787,0.722,1.96694333361601e-16
"Ptprr",1.2953857633858e-20,-0.328538645415997,0.446,0.683,2.36563348109515e-16
"Cacybp",1.4764829351921e-20,-0.304264127236054,0.281,0.551,2.69635313624782e-16
"Sub1",1.78656816635039e-20,-0.282480017966158,0.543,0.776,3.26263078538909e-16
"Rhoa",1.79584640282579e-20,-0.177867429764721,0.89,0.966,3.27957470084046e-16
"Egfl8",1.93157891084382e-20,-0.370965193387746,0.273,0.469,3.52744940698299e-16
"Ldha",2.05161446010576e-20,-0.284474939628835,0.578,0.799,3.74665832704514e-16
"Hsp90ab1",2.37027554261401e-20,-0.103375114988773,0.974,1,4.3285971959217e-16
"Rpl28",2.427972675993e-20,-0.170382279530388,0.901,0.983,4.43396370089841e-16
"Nfia",2.79802741022949e-20,0.277565127067028,0.78,0.714,5.1097576565611e-16
"Nr3c2",2.95484954913495e-20,0.345753435547355,0.54,0.397,5.39614624663024e-16
"Arl1",3.12395753249203e-20,-0.284316447520252,0.362,0.625,5.70497124583695e-16
"Rpl27",4.52123884217616e-20,-0.187568635207452,0.87,0.966,8.25668637358211e-16
"Lmo2",4.56700127293369e-20,-0.303999272979104,0.5,0.734,8.34025772463151e-16
"Exoc4",5.86516658480028e-20,0.310457185143018,0.66,0.555,1.07109672171623e-15
"Sptssa",6.81967975150217e-20,-0.289932275473685,0.357,0.636,1.24540991621933e-15
"Fkbp4",7.30942398108802e-20,-0.303746987647171,0.363,0.626,1.33484700742629e-15
"Prkch",7.41802577535743e-20,0.295280703448497,0.719,0.649,1.35467986709577e-15
"Dync1i2",7.48770428601636e-20,-0.250729556047258,0.694,0.861,1.36740455671231e-15
"Rpl10a",9.05313881334068e-20,-0.250008186481452,0.697,0.885,1.65328421009228e-15
"Eif5a",9.16860661419637e-20,-0.280702241405933,0.478,0.742,1.67437093988454e-15
"Ywhaq",1.01962877226498e-19,-0.228803258738161,0.738,0.901,1.8620460639103e-15
"Ppia",1.34386105163883e-19,-0.134755354983961,0.952,0.984,2.45415905250283e-15
"Cox5a",1.47510847629839e-19,-0.263528388836664,0.601,0.81,2.69384309941613e-15
"Pfn1",1.50829654374534e-19,-0.261325585121973,0.596,0.831,2.75445114818774e-15
"Stard13",1.73665591886111e-19,0.316708889401052,0.626,0.492,3.17148103902415e-15
"Ndufa7",1.75215678174152e-19,-0.244319122037745,0.703,0.888,3.19978871481637e-15
"mt-Atp6",1.86720713969339e-19,-0.0845626260254284,0.994,0.996,3.40989367850807e-15
"Ccdc85b",2.31627343199829e-19,-0.260148672923847,0.64,0.843,4.22997854151528e-15
"Lrch1",2.54042430957042e-19,0.293669948105696,0.679,0.575,4.6393228741375e-15
"Cyyr1",2.75088860179512e-19,0.225796837165475,0.887,0.854,5.02367276459824e-15
"Map1lc3a",2.86894460395973e-19,-0.285288285543791,0.447,0.693,5.23926663575126e-15
"Oaz1",3.20474316110112e-19,-0.224593682345925,0.753,0.898,5.85250196080286e-15
"Wwox",3.32075165984208e-19,0.37183558762604,0.441,0.265,6.0643566812036e-15
"Smpdl3a",3.44171575120006e-19,-0.279051919011713,0.439,0.686,6.28526130484155e-15
"Csrp2",4.77982418517301e-19,-0.313729449461685,0.427,0.649,8.72891492696295e-15
"Gnai2",5.40807112956641e-19,-0.137208249339504,0.939,0.99,9.87621949681417e-15
"Ppib",5.76532290962462e-19,-0.246255484188608,0.641,0.857,1.05286326975565e-14
"Gpx1",8.35972887124086e-19,-0.275504762048693,0.576,0.775,1.52665368646601e-14
"Htra1",8.76167822229195e-19,-0.261906659809935,0.11,0.319,1.60005767695496e-14
"Rabgap1l",9.95170422324324e-19,0.326609672044966,0.498,0.348,1.81738022524868e-14
"Ndfip1",1.02153808957085e-18,-0.264556402281306,0.539,0.795,1.86553285917429e-14
"Cdc42",1.08693226868328e-18,-0.206496652471813,0.806,0.928,1.98495570906941e-14
"Mcc",1.1756539608729e-18,0.276631809734982,0.767,0.688,2.14697926334609e-14
"Acvrl1",1.19960234463194e-18,-0.216498737076749,0.77,0.916,2.19071380176685e-14
"Acer2",1.32447933323083e-18,0.310217916250542,0.671,0.588,2.41876415834614e-14
"Srsf9",1.37386608392167e-18,-0.274929408758745,0.306,0.568,2.50895424245776e-14
"Vps13b",1.5413532834061e-18,0.298689738966116,0.548,0.39,2.81481936615621e-14
"Snx3",1.7778614536245e-18,-0.221045926355607,0.745,0.895,3.24673058660906e-14
"Calm1",2.0476146788879e-18,-0.10138742341192,0.98,0.994,3.73935392658508e-14
"Srgn",2.07418620989425e-18,-0.194322697899833,0.843,0.946,3.78787885650888e-14
"Rpl22",2.30943988147693e-18,-0.203009842708778,0.811,0.941,4.21749911155317e-14
"Arl4a",2.69973784940062e-18,-0.265140594620809,0.689,0.858,4.93026126057542e-14
"Rheb",2.94885462061339e-18,-0.27241437487573,0.464,0.707,5.38519830816417e-14
"H2-K1",2.98930295045487e-18,-0.247905580925439,0.733,0.881,5.45906504812069e-14
"Dctn2",3.03351848550099e-18,-0.281401502985072,0.301,0.552,5.53981145822191e-14
"Tagln2",3.29586295336595e-18,-0.233482475988147,0.745,0.875,6.01890492543691e-14
"Cd81",3.3039182466804e-18,-0.202960844994736,0.828,0.935,6.03361550208775e-14
"Arid1b",3.32993633779161e-18,0.300397813747022,0.525,0.339,6.08112974007504e-14
"Atp5j2",3.63384193532726e-18,-0.255220399699331,0.568,0.803,6.63612214229465e-14
"Arf1",3.79942048632353e-18,-0.248465079830874,0.604,0.816,6.93850169212402e-14
"Herpud1",4.10191394750175e-18,-0.281896468123062,0.287,0.528,7.4909152509277e-14
"Crip1",4.31360327408925e-18,-0.269703805147458,0.682,0.84,7.87750229914179e-14
"Cracr2b",4.33077477128507e-18,-0.285623697934667,0.329,0.579,7.90886088732079e-14
"Ablim1",5.49874352261332e-18,0.167394727617163,0.941,0.95,1.00418054209964e-13
"Cdk8",5.75154804460605e-18,-0.165381892393788,0.904,0.99,1.05034770390596e-13
"Cgnl1",5.77984060838453e-18,0.229995306750275,0.845,0.79,1.05551449190318e-13
"Prdx1",5.86544129781241e-18,-0.224997088034394,0.738,0.901,1.0711468898065e-13
"U2af1",6.02962576522919e-18,-0.271593853292271,0.306,0.561,1.10113025724615e-13
"Rpl26",6.11596856673427e-18,-0.139543865916764,0.943,0.982,1.11689817965701e-13
"Chmp5",7.51970477431278e-18,-0.270461561255475,0.488,0.717,1.373248485885e-13
"Kansl1l",8.0057652466928e-18,0.310963723952863,0.554,0.415,1.46201284935104e-13
"Cox4i1",8.58568733223723e-18,-0.189525844285069,0.837,0.953,1.56791822061316e-13
"Rer1",8.67999427977371e-18,-0.276972967411408,0.298,0.551,1.58514055537228e-13
"Arf6",8.78364613106376e-18,-0.274434318566959,0.23,0.463,1.60406945645486e-13
"Slc2a1",8.82560709992107e-18,-0.111790490162929,0.969,0.992,1.61173236858759e-13
"Eif3f",9.86710776799346e-18,-0.250294736205884,0.61,0.824,1.80193122059097e-13
"Cox6c",1.01044300433126e-17,-0.225399238368604,0.714,0.892,1.84527101450974e-13
"Myl6",1.25071095086531e-17,-0.115864558829392,0.967,0.996,2.28404833847022e-13
"Nbea",1.40396180030107e-17,0.314739565451911,0.486,0.323,2.56391503970982e-13
"Gabarap",1.7288409252798e-17,-0.240529907760657,0.62,0.836,3.15720929774596e-13
"Atp5k",1.89009566893467e-17,-0.271841358311306,0.435,0.671,3.4516927106085e-13
"Macf1",2.02198049961078e-17,0.135703468670357,0.958,0.979,3.69254078838921e-13
"Elmo1",2.25346605897919e-17,0.283457243689401,0.688,0.593,4.1152797169078e-13
"S1pr1",2.71300368328495e-17,-0.190924484445889,0.846,0.936,4.95448732641498e-13
"Igf1r",2.74397116010195e-17,0.180120194042362,0.957,0.955,5.01104013257817e-13
"Sorbs2os",3.29592818480546e-17,0.291033230349537,0.376,0.21,6.01902405109174e-13
"Cd151",3.42799067840389e-17,-0.271077624769464,0.413,0.674,6.26019657690118e-13
"Gimap1",4.7987570356343e-17,-0.27686397704226,0.37,0.603,8.76349009847535e-13
"Psd3",4.97869576724633e-17,0.295330926316024,0.578,0.455,9.09209421014525e-13
"Rps27a",5.18694833446195e-17,-0.139913764841506,0.932,0.984,9.47240504839441e-13
"Mbd5",5.30039124590724e-17,0.291401915936301,0.557,0.422,9.67957449327581e-13
"Ndufa3",5.53620934801486e-17,-0.274635515998438,0.357,0.599,1.01102255113447e-12
"Tmsb4x",5.88188151690458e-17,-0.0739542805116606,0.994,0.997,1.07414920261711e-12
"Immp2l",6.5095597309835e-17,0.333419471267766,0.32,0.163,1.18877579807221e-12
"Sem1",6.65470223909231e-17,-0.228298751559313,0.669,0.856,1.21528172290304e-12
"Srsf7",8.80108499797837e-17,-0.26599146243741,0.314,0.555,1.60725414233081e-12
"Hspa1a",1.02906731852646e-16,-0.364101025685005,0.332,0.564,1.87928273709301e-12
"Calm2",1.13261717017746e-16,-0.237461209949434,0.627,0.82,2.06838547617807e-12
"Rpl15",1.30209030941745e-16,-0.159006553450987,0.896,0.973,2.37787732305814e-12
"Rpl29",1.41489983498785e-16,-0.177472125296055,0.852,0.946,2.58389007865481e-12
"Mapk3",1.50427856926079e-16,-0.253084870085474,0.494,0.72,2.74711352318406e-12
"Rpl35",1.74125894433146e-16,-0.23762547060706,0.634,0.83,3.17988708413811e-12
"Srgap2",1.74577452881473e-16,0.242865626382197,0.807,0.752,3.18813344452146e-12
"Rpl8",1.83551897852626e-16,-0.130617773087659,0.938,0.986,3.35202475858466e-12
"Atp5j",1.96764279669943e-16,-0.203508829117318,0.772,0.915,3.5933092753325e-12
"Pdgfa",2.17791953586475e-16,-0.302735619049317,0.3,0.476,3.9773166563962e-12
"Rpl36a",2.32196459357746e-16,-0.228315154364749,0.683,0.857,4.24037174079116e-12
"Snrpb",2.38734560767922e-16,-0.246082785761928,0.536,0.762,4.3597705487438e-12
"Clta",2.46583057614689e-16,-0.244614407418131,0.547,0.762,4.50309979815945e-12
"Pik3ip1",2.52647052636698e-16,-0.274978925611745,0.331,0.552,4.61384047525138e-12
"Arf5",2.53022959312568e-16,-0.254694888202559,0.444,0.683,4.62070528296611e-12
"Mat2a",3.31538120886568e-16,-0.266706588867348,0.511,0.731,6.05454916363051e-12
"Gmds",3.67572735741026e-16,0.293467334355891,0.5,0.377,6.71261330010262e-12
"Dock1",3.68134449393071e-16,0.261566143917252,0.691,0.61,6.72287131481626e-12
"Kalrn",4.01198465677189e-16,0.293298265244639,0.509,0.36,7.32668638019682e-12
"Spcs2",4.06237276615084e-16,-0.252898959463859,0.483,0.731,7.41870514554466e-12
"Cdh13",4.10462605902992e-16,0.379716143305605,0.293,0.153,7.49586810900043e-12
"Pbx1",4.36165526635792e-16,0.292769903287355,0.592,0.467,7.96525484742282e-12
"Grrp1",4.44622448180983e-16,-0.265527391455323,0.483,0.705,8.11969514868111e-12
"Ptn",4.93264543642351e-16,-0.153379675861663,0.927,0.975,9.00799709599661e-12
"Trim47",4.93651362965982e-16,-0.267069646544474,0.332,0.557,9.01506119048477e-12
"Rnf215",5.25291217581374e-16,-0.254193319393727,0.21,0.433,9.59286821547104e-12
"Eif2s2",5.26318463186861e-16,-0.252280982184781,0.553,0.761,9.61162777471845e-12
"Trappc9",6.44340112356585e-16,0.273056372074748,0.312,0.167,1.1766939131856e-11
"Sh3bgrl3",8.02779693412543e-16,-0.214419262692556,0.72,0.892,1.46603627610999e-11
"Lims2",8.73299394080699e-16,-0.252884921130442,0.543,0.746,1.59481935347017e-11
"Hes1",9.59625828225653e-16,-0.301878641183659,0.432,0.637,1.75246868750569e-11
"Vti1a",9.77899522355609e-16,0.280074032680261,0.533,0.404,1.78584010772581e-11
"Gnb2",1.03235764990707e-15,-0.225413726632083,0.652,0.833,1.88529154026029e-11
"Laptm4a",1.07705561412503e-15,-0.1803823220567,0.828,0.929,1.96691896251513e-11
"Cct4",1.13332790825817e-15,-0.257698206481309,0.357,0.589,2.06968342606107e-11
"Arl6ip5",1.15391092781978e-15,-0.239783012108509,0.548,0.766,2.10727213638448e-11
"Pnp",1.18139934456472e-15,-0.26486253616409,0.318,0.548,2.1574714830441e-11
"Rpl9-ps6",1.3387647007931e-15,-0.252207624355722,0.222,0.458,2.44485209658835e-11
"mt-Co3",1.42721339169532e-15,-0.0853642812380846,0.986,0.996,2.606377095914e-11
"Selenow",1.46220465963762e-15,-0.213800505641771,0.719,0.865,2.67027814943023e-11
"Dynll1",1.74216366545296e-15,-0.166410310060141,0.865,0.956,3.1815392858502e-11
"Map1lc3b",1.8646770045242e-15,-0.22995102856424,0.612,0.802,3.4052731456621e-11
"Arpc1b",1.91355550550913e-15,-0.219005748885636,0.682,0.871,3.49453506416077e-11
"Fry",1.94228915013922e-15,0.186089198508576,0.894,0.899,3.54700844598424e-11
"Atp10a",2.04765145026747e-15,0.202102671225735,0.871,0.88,3.73942107847846e-11
"Hmbox1",2.25917470809976e-15,0.273117859118967,0.517,0.39,4.12570485193178e-11
"BC028528",2.30349115820629e-15,-0.260504102819858,0.484,0.704,4.20663555311633e-11
"AU021092",2.34789406476483e-15,-0.269089521620568,0.384,0.608,4.28772414107352e-11
"Rps15a",2.3652107120319e-15,-0.156663655302134,0.884,0.969,4.31934780231265e-11
"Csnk1e",2.45946042701787e-15,-0.259332055644223,0.27,0.494,4.49146663182003e-11
"Cct5",2.66741938672321e-15,-0.250283565781257,0.385,0.629,4.87124128403393e-11
"Klf6",2.76827759095498e-15,-0.237542513168479,0.648,0.824,5.05542853660198e-11
"Nmt1",3.01771134772596e-15,-0.247262443772281,0.466,0.694,5.51094446321714e-11
"Tshz2",3.22166922967561e-15,0.292730403900388,0.643,0.542,5.8834123472336e-11
"Kat6b",3.61764239200755e-15,0.278849816402201,0.407,0.254,6.60653853628419e-11
"St6galnac3",3.89447980059945e-15,0.24342342842465,0.787,0.768,7.11209901185471e-11
"Rps14",4.1778576140076e-15,-0.105305299523979,0.963,0.994,7.62960357470069e-11
"Ptms",4.31233005050109e-15,-0.207707385056839,0.731,0.895,7.87517713822509e-11
"Fam32a",4.51703734383213e-15,-0.256601203740772,0.306,0.538,8.24901359730624e-11
"Fxr1",5.8846874051034e-15,-0.2532081579867,0.469,0.673,1.07466161391998e-10
"Bri3",6.29439477651004e-15,-0.23421670552559,0.562,0.763,1.14948237408626e-10
"Stk3",6.3812657449166e-15,0.26967828982058,0.579,0.462,1.16534675033667e-10
"Cdkal1",6.5515832070746e-15,0.269366503446796,0.43,0.289,1.19645012527596e-10
"Arl2bp",6.8280698050849e-15,-0.243396793495569,0.478,0.711,1.2469421078046e-10
"Large1",7.63111110864693e-15,0.274108090435563,0.439,0.296,1.3935935106611e-10
"Ahnak",7.81462614499149e-15,0.143484597107159,0.95,0.949,1.42710702659835e-10
"Gng5",7.86458077837992e-15,-0.178972398500193,0.825,0.935,1.43622974174774e-10
"Ptprk",7.9128654460189e-15,0.287437744347669,0.463,0.324,1.44504748775197e-10
"Eif3m",7.98974272599568e-15,-0.24972248565722,0.312,0.537,1.45908681662133e-10
"Atp5h",8.42746792732441e-15,-0.200797002542037,0.73,0.881,1.53902419288798e-10
"Rnf7",8.66543432539918e-15,-0.246300976011693,0.39,0.62,1.5824816165044e-10
"9630028H03Rik",8.69822041591671e-15,0.24647461369621,0.256,0.12,1.58846901235471e-10
"Aldoa",9.00353540689718e-15,-0.223631987642605,0.64,0.823,1.64422563600756e-10
"Ncoa2",9.08003478290158e-15,0.272915877224058,0.502,0.361,1.65819595205349e-10
"Slc50a1",1.20659199301813e-14,-0.242765649698014,0.457,0.673,2.2034782976497e-10
"Rpl32",1.21334872283056e-14,-0.148765898688163,0.893,0.963,2.21581743763317e-10
"Nhsl1",1.25913339327721e-14,0.265136980230749,0.575,0.459,2.29942940280285e-10
"Cavin3",1.30882488824086e-14,-0.26265932939902,0.467,0.659,2.39017601090547e-10
"Scgb3a1",1.45663156780362e-14,0.289344410082095,0.205,0.062,2.66010056912298e-10
"Serpinh1",1.49904164641972e-14,-0.251455974245516,0.438,0.667,2.73754985469169e-10
"Arpp19",1.53047884394285e-14,-0.247027318252556,0.432,0.659,2.79496046480843e-10
"Sumo1",1.55256032343535e-14,-0.239783396642013,0.469,0.688,2.83528566265763e-10
"Cavin2",1.55377147196734e-14,-0.188522570642337,0.815,0.929,2.83749746210675e-10
"Anxa5",1.56467207611218e-14,-0.205686682097549,0.708,0.856,2.85740414539606e-10
"Serf2",1.56950827606005e-14,-0.180442483166399,0.809,0.929,2.86623601374087e-10
"Il10rb",1.58507593827741e-14,-0.235869017005681,0.551,0.749,2.8946656784822e-10
"Dnm3",1.60933058582075e-14,0.210893298423383,0.826,0.803,2.93895951582586e-10
"Ssh2",1.62212572999307e-14,0.273879157497721,0.585,0.487,2.96232600811335e-10
"Ssbp4",1.65716173355722e-14,-0.250341394481112,0.36,0.593,3.02630875782219e-10
"Pitpnc1",1.66491614412928e-14,0.240302636688153,0.748,0.694,3.04046986240888e-10
"Clasp2",1.87333908569979e-14,0.266082556393361,0.516,0.38,3.42109183830496e-10
"Dennd1a",2.0235822463524e-14,0.264672439011894,0.551,0.429,3.69546589828875e-10
"Rasd1",2.06509898108715e-14,-0.291778607318566,0.216,0.421,3.77128375926135e-10
"Sarnp",2.19478712765063e-14,-0.248103816446776,0.421,0.627,4.00812025251558e-10
"Tbc1d4",2.2897697021919e-14,0.243576872692607,0.766,0.695,4.18157743014285e-10
"Akap12",2.29729762350802e-14,-0.234421715827199,0.694,0.844,4.19532492005035e-10
"Pop5",2.31351411854584e-14,-0.24333477249185,0.399,0.636,4.22493948328842e-10
"Polr2c",2.31596712975904e-14,-0.243701879606686,0.287,0.508,4.22941917236597e-10
"Psmc2",2.31614101944731e-14,-0.241666721310742,0.287,0.511,4.22973672971468e-10
"Gas5",2.49905566857297e-14,-0.250444956360257,0.415,0.613,4.56377546194797e-10
"Glmp",2.67126293673189e-14,-0.238894118060668,0.23,0.445,4.87826037505977e-10
"mt-Co1",2.68278720999574e-14,-0.0811668572170898,0.988,0.994,4.89930600289423e-10
"Hspa1b",2.74472457301431e-14,-0.331284728581052,0.306,0.521,5.01241601523873e-10
"Psmb10",2.78753912737124e-14,-0.253563212472238,0.29,0.511,5.09060395440535e-10
"Ddah2",2.84122182457427e-14,-0.239062977071949,0.216,0.409,5.18863929603753e-10
"Dip2c",3.02864058031038e-14,0.272856796844697,0.497,0.387,5.53090342776282e-10
"Bcas3",3.03263405170348e-14,0.275975179169169,0.474,0.36,5.53819630522089e-10
"Polr2e",3.12209327029676e-14,-0.247689803875629,0.328,0.537,5.70156673021595e-10
"St13",3.22178809455064e-14,-0.230542386096861,0.565,0.785,5.88362941826839e-10
"Ralgapa1",3.31009254314712e-14,0.196942621293303,0.839,0.82,6.04489100229526e-10
"Gadd45g",3.72568907604506e-14,-0.279325918293721,0.186,0.378,6.80385339067349e-10
"Lrrc8c",3.74762491588784e-14,0.238110275917662,0.703,0.633,6.84391262139437e-10
"Fam181b",3.81626742884332e-14,-0.222909895359317,0.12,0.303,6.96926757855368e-10
"Tmed2",4.45800677444547e-14,-0.244046735138194,0.315,0.534,8.14121197149232e-10
"Irf7",4.66881391512997e-14,-0.236582266365796,0.143,0.317,8.52618797181036e-10
"Samd12",4.80641772977566e-14,0.253354674385692,0.716,0.659,8.77748005811631e-10
"Nfat5",4.97592346529161e-14,0.246329539615094,0.686,0.592,9.08703143231553e-10
"Morf4l1",5.39853324337844e-14,-0.170251715209618,0.812,0.941,9.8588014090577e-10
"Lysmd4",5.94510552660449e-14,0.218376258854347,0.247,0.109,1.08569517126851e-09
"Btg1",6.05153643084085e-14,-0.245820463004572,0.457,0.68,1.10513158300016e-09
"Rras",6.36855822681583e-14,-0.218753163430304,0.618,0.816,1.16302610338111e-09
"H2-Q4",6.45187471128265e-14,-0.244901155893836,0.335,0.547,1.17824135977444e-09
"Rpsa",6.46001131396117e-14,-0.157898364151797,0.863,0.969,1.17972726615559e-09
"Fbxl17",6.96694102471541e-14,0.263609965550389,0.598,0.49,1.27230276993353e-09
"Tprgl",7.14500791715676e-14,-0.240301467031979,0.446,0.671,1.30482134583117e-09
"Psma3",7.55163288619638e-14,-0.22776146133717,0.55,0.755,1.37907919767718e-09
"Zfp407",7.60028671427868e-14,0.268681048148865,0.416,0.28,1.38796435976157e-09
"Csrp1",7.66331970769566e-14,-0.232711376218723,0.188,0.387,1.39947544501938e-09
"Snu13",7.83653220607969e-14,-0.2343702028852,0.438,0.646,1.43110751147427e-09
"Eif3e",7.86263213493128e-14,-0.236286048036026,0.458,0.684,1.43587388048115e-09
"Klf10",8.73565317965586e-14,-0.228382723812359,0.149,0.331,1.59530498366875e-09
"Pik3r3",9.57699814842419e-14,0.273683873047057,0.59,0.484,1.74895140186523e-09
"Cox5b",9.62888689298094e-14,-0.2250177643184,0.545,0.771,1.75842732439618e-09
"Pard3b",9.63284711127363e-14,0.27189956638313,0.554,0.441,1.75915053946079e-09
"Vps29",1.00315210119759e-13,-0.238897904139019,0.363,0.565,1.83195636720703e-09
"Rabac1",1.17198419593429e-13,-0.183583120901716,0.761,0.897,2.1402775386152e-09
"H2-T23",1.17241962059779e-13,-0.241955059838166,0.472,0.67,2.14107271113568e-09
"Sri",1.19263395643204e-13,-0.220366540059806,0.592,0.782,2.17798813123619e-09
"Zswim6",1.24981261255873e-13,0.25992571197454,0.425,0.289,2.28240779305476e-09
"Bmpr2",1.36716944977605e-13,0.148004411785157,0.929,0.929,2.49672484918103e-09
"Pcmtd1",1.46522488847063e-13,0.182673044476211,0.882,0.857,2.67579369132506e-09
"mt-Nd4l",1.56541903721118e-13,-0.246238706309218,0.444,0.669,2.85876824575505e-09
"Diaph2",1.86240378090007e-13,0.256978331636879,0.616,0.506,3.4011217846797e-09
"Slc39a10",1.95280440717892e-13,0.180425799007666,0.901,0.882,3.56621140839014e-09
"Gm3848",2.14207877924616e-13,0.171039052562328,0.132,0.018,3.91186426665934e-09
"Smyd3",2.30096000209114e-13,0.270916791347953,0.376,0.256,4.20201315581884e-09
"Rpl23",2.34143956657468e-13,-0.120249266431253,0.938,0.986,4.27593693647868e-09
"Agap1",2.38673945901769e-13,0.250450489179762,0.432,0.292,4.35866360005811e-09
"Snrpe",2.67810393006915e-13,-0.237464673144009,0.387,0.616,4.89075339709228e-09
"Atp6v0c",2.77938010144191e-13,-0.215183034195117,0.592,0.773,5.07570394125322e-09
"Gab2",3.14935875353904e-13,0.27206566490758,0.553,0.463,5.75135895571299e-09
"Ywhae",3.29337827407913e-13,-0.169611264190541,0.815,0.904,6.01436740412331e-09
"Ogfr",3.35159641074685e-13,-0.181118652551913,0.078,0.229,6.1206853653059e-09
"Ubl5",3.35828475074108e-13,-0.211726596420701,0.589,0.779,6.13289961180337e-09
"Taok1",3.4054735668391e-13,0.233873767926798,0.661,0.554,6.21907582776157e-09
"Slc38a2",3.53230647836991e-13,-0.244109385806175,0.502,0.69,6.45069809079913e-09
"Cobll1",3.64796602743523e-13,0.196664708140153,0.848,0.819,6.66191555930221e-09
"Atp5f1",3.74242887568639e-13,-0.217143708203099,0.537,0.755,6.83442361277848e-09
"Rapgef2",3.99784908069545e-13,0.185767496877072,0.857,0.86,7.30087199116603e-09
"Cbx3",4.12039181549504e-13,-0.228362891203486,0.526,0.724,7.52465953345704e-09
"Srsf2",4.34841552977975e-13,-0.23500415466465,0.385,0.61,7.94107644048377e-09
"Clec2d",4.42255856604099e-13,-0.190505131024798,0.778,0.908,8.07647645330406e-09
"Akr1a1",4.51398505335694e-13,-0.19748487760044,0.693,0.847,8.24343950444045e-09
"Dusp11",4.6994914673104e-13,-0.224768335457939,0.509,0.718,8.58221131760225e-09
"Id2",4.81266480325374e-13,-0.241926115769929,0.22,0.408,8.78888846370198e-09
"AW554918",4.84790413373311e-13,0.26134420224537,0.474,0.358,8.85324252902341e-09
"Hint1",4.88756977685459e-13,-0.192259103613014,0.688,0.87,8.92567992649185e-09
"Akt3",5.06947226167354e-13,0.226714477838459,0.728,0.664,9.25787024426822e-09
"Pnrc1",5.62324366979325e-13,-0.239187820308553,0.398,0.62,1.02691675897764e-08
"Sik3",5.6339175764471e-13,0.252167036706975,0.531,0.428,1.02886602781077e-08
"Sec62",6.21788287663118e-13,-0.162897078140462,0.821,0.941,1.13550977093039e-08
"1110004F10Rik",6.5136243218237e-13,-0.232075474446949,0.413,0.629,1.18951807365144e-08
"Tomm7",6.94536661999469e-13,-0.21827223524528,0.553,0.751,1.26836285214343e-08
"Grap",7.08697587489206e-13,-0.244784956386743,0.303,0.533,1.29422353427279e-08
"Uqcrb",7.26090027969449e-13,-0.196205762702839,0.683,0.856,1.32598560907781e-08
"Eif4h",7.97046702654888e-13,-0.220720277425739,0.486,0.693,1.45556668838836e-08
"Calcrl",8.06234330175626e-13,0.25801717908021,0.534,0.421,1.47234513376673e-08
"Rbm8a",8.49191667464707e-13,-0.225717139530195,0.435,0.653,1.55079382312405e-08
"Atp6v1g1",8.69397357266793e-13,-0.21421568219322,0.53,0.746,1.58769345384062e-08
"Sh3rf1",8.80282327210948e-13,0.255011994684149,0.54,0.446,1.60757158595263e-08
"Rack1",1.01926324309181e-12,-0.169238685740075,0.8,0.918,1.86137853453427e-08
"Lamp1",1.0399452223001e-12,-0.18738665299455,0.713,0.853,1.89914796496444e-08
"Efr3b",1.05151197287836e-12,0.221186878056568,0.728,0.69,1.92027116487047e-08
"Psma1",1.08302078189894e-12,-0.227852073157988,0.346,0.559,1.97781255190384e-08
"Bub3",1.08893616450323e-12,-0.227664190252735,0.253,0.459,1.9886152236158e-08
"Mef2c",1.13770348529264e-12,0.22048639025137,0.72,0.647,2.07767410484143e-08
"Gm12158",1.14040678790186e-12,0.146685641026728,0.134,0.028,2.08261087606637e-08
"Klf4",1.18438434536288e-12,-0.191251897852341,0.811,0.905,2.1629226915017e-08
"Rere",1.24557281840798e-12,0.225698418277625,0.679,0.615,2.27466508097665e-08
"Slc25a3",1.33911388449609e-12,-0.203680617794087,0.618,0.802,2.44548977586677e-08
"Cog5",1.35884892662565e-12,0.240094460984142,0.441,0.319,2.48152990980376e-08
"Ctsl",1.37910848118969e-12,-0.23562935021911,0.421,0.639,2.51852790834861e-08
"Ap1s2",1.39444727333227e-12,-0.233171023271833,0.371,0.576,2.54653961055939e-08
"Unc50",1.46040886145262e-12,-0.219847140860406,0.275,0.486,2.66699866278477e-08
"Hnrnpa0",1.4729500873395e-12,-0.211542284824161,0.565,0.763,2.68990144949939e-08
"Etl4",1.4896679018486e-12,0.262210092571821,0.484,0.351,2.72043152235592e-08
"Ier5l",1.52992824030093e-12,-0.215039281957013,0.141,0.313,2.79395495243756e-08
"1810037I17Rik",1.58381162246332e-12,-0.195104157876302,0.696,0.854,2.89235678494251e-08
"Psmc6",1.66436318334689e-12,-0.218484649238916,0.447,0.666,3.0394600454281e-08
"Vdac2",1.69153951816028e-12,-0.21820721630692,0.483,0.683,3.0890894680643e-08
"Rbm22",1.71415215625166e-12,-0.222899525494587,0.245,0.45,3.13038466774679e-08
"Cd320",1.71783167512408e-12,-0.230822235372567,0.224,0.429,3.1371042051116e-08
"Arhgdia",1.74936853090699e-12,-0.213248344766245,0.557,0.756,3.19469681114235e-08
"Gm26532",1.77714369921038e-12,-0.216594108374216,0.14,0.303,3.24541982349799e-08
"Rsrp1",1.80058354768152e-12,-0.206615564994848,0.62,0.797,3.288225674776e-08
"Rps12",1.86930079532427e-12,-0.110958325725953,0.938,0.99,3.41371711242118e-08
"Prkg1",2.00981553633381e-12,0.265786004608074,0.661,0.62,3.67032513245281e-08
"Mfsd4a",2.01308933935168e-12,0.230917605974782,0.326,0.194,3.67630375152404e-08
"Wdfy3",2.10304139112782e-12,0.232513405097931,0.571,0.442,3.84057418847763e-08
"Unc13b",2.23243317525578e-12,0.24164482789299,0.59,0.514,4.07686946465211e-08
"Nostrin",2.24293530996782e-12,-0.19328585493341,0.747,0.892,4.09604846306324e-08
"Stox2",2.25580780266311e-12,0.259798000503775,0.602,0.527,4.11955620922338e-08
"Psma7",2.2577837761078e-12,-0.201503284782452,0.688,0.833,4.12316473192807e-08
"Ly6e",2.32158233808399e-12,-0.104240923876432,0.946,0.984,4.23967366580898e-08
"Tbca",2.32642843009711e-12,-0.223739494952408,0.472,0.684,4.24852359904335e-08
"Psme1",2.58316860301246e-12,-0.218800697978525,0.533,0.718,4.71738250282135e-08
"Rab5if",2.73169121223346e-12,-0.214772474182955,0.217,0.414,4.98861449178074e-08
"Kank3",2.81024475936395e-12,-0.194244224786006,0.694,0.854,5.13206897955044e-08
"Pan3",2.8377552199716e-12,0.23993350333058,0.561,0.45,5.18230858271214e-08
"Tm4sf1",3.03686739286194e-12,-0.218325167318889,0.783,0.865,5.54592723284448e-08
"Hnrnpf",3.2848222993896e-12,-0.178997264402334,0.731,0.88,5.99874248314528e-08
"Rin2",3.39613779706895e-12,0.237295007088796,0.542,0.467,6.20202684500732e-08
"Tmbim6",3.42195583376626e-12,-0.182367860108078,0.714,0.871,6.24917574362394e-08
"Sbf2",3.67442727067697e-12,0.226098984134009,0.669,0.598,6.71023908171028e-08
"Ndufa6",3.68386181813854e-12,-0.220840795631387,0.48,0.687,6.72746845228461e-08
"Hprt",3.74430241537243e-12,-0.215236798895717,0.508,0.7,6.83784507095313e-08
"Psmd6",3.93137780179103e-12,-0.215334032340414,0.238,0.419,7.17948214163078e-08
"Gm609",4.03359128736476e-12,0.271459606328395,0.467,0.37,7.36614440898552e-08
"Fam172a",4.08807766593691e-12,0.251886453022877,0.522,0.402,7.46564743353399e-08
"Dock9",4.16853110772837e-12,0.159817801478169,0.885,0.887,7.61257150893356e-08
"Hmgb1",4.3688809191959e-12,-0.138382443230413,0.898,0.958,7.97845033463555e-08
"Pdia6",4.40598763902606e-12,-0.224221676062911,0.433,0.637,8.04621462638938e-08
"Wnk1",4.43770970293584e-12,0.207108283285517,0.745,0.683,8.10414545950142e-08
"Lpp",4.51835046958164e-12,0.236571742299165,0.576,0.476,8.25141162754999e-08
"Btbd9",4.88976861755848e-12,0.245711998705267,0.472,0.348,8.92969544938529e-08
"Gm36264",4.95926662727118e-12,-0.13077938817262,0.016,0.108,9.05661271472263e-08
"Pdcd10",5.1424879085216e-12,-0.216967610948057,0.489,0.703,9.39121141854215e-08
"Ilk",5.21957691394788e-12,-0.217576048463661,0.252,0.446,9.53199136025161e-08
"Rpl36al",5.46969599188885e-12,-0.210949703634975,0.551,0.745,9.98875882038741e-08
"Cox7c",5.47747428476064e-12,-0.189915005802325,0.68,0.851,1.00029635388299e-07
"Car4",5.71497590356665e-12,-0.332804364122239,0.348,0.453,1.04366889950934e-07
"Nipbl",5.74517803165939e-12,0.205465594752437,0.748,0.708,1.04918441214164e-07
"Ndufc2",5.88729288849139e-12,-0.220749652689758,0.441,0.669,1.0751374272963e-07
"Abcc4",5.9126900000684e-12,0.187892956846369,0.839,0.827,1.07977544781249e-07
"Pllp",6.55460720179785e-12,-0.232066963037097,0.303,0.507,1.19700236719232e-07
"Nedd8",6.64034761116696e-12,-0.199873242801088,0.595,0.797,1.21266028075131e-07
"Klf13",6.73673332427429e-12,-0.198935343536331,0.638,0.814,1.23026223967897e-07
"N4bp3",6.79613679183395e-12,-0.220369193309477,0.186,0.377,1.24111050092472e-07
"Nav1",6.80639315159741e-12,0.215515193640258,0.713,0.637,1.24298351734472e-07
"D8Ertd738e",6.80870866793016e-12,-0.213374656526457,0.525,0.724,1.24340637693741e-07
"Eef1d",6.88095381168876e-12,-0.219473682694258,0.45,0.67,1.2565997850906e-07
"Dis3l2",7.67091571164353e-12,0.23097522279486,0.337,0.214,1.40086262726034e-07
"Ubald2",8.19257065851454e-12,-0.218391547918164,0.269,0.463,1.49612725365792e-07
"Abcb1a",8.26207511803232e-12,0.104080766657902,0.964,0.975,1.50882015805506e-07
"Ssr2",8.65970032101062e-12,-0.219714132720482,0.227,0.443,1.58143447262296e-07
"Psma2",8.95106645390228e-12,-0.212818061244911,0.503,0.697,1.63464375581163e-07
"Ddost",9.0230440045577e-12,-0.208077901431191,0.207,0.401,1.64778829611233e-07
"Itpkb",9.14835476878937e-12,0.228548513170169,0.646,0.588,1.67067254787631e-07
"Ubc",9.93625070744688e-12,-0.158413851191319,0.823,0.926,1.81455810419395e-07
"Atp5mpl",1.00611323611956e-11,-0.225089268804953,0.315,0.525,1.83736399180155e-07
"Slco1a4",1.01780394647919e-11,0.123417278690308,0.963,0.963,1.85871356706029e-07
"Ap2a2",1.03363771317377e-11,-0.217822361314815,0.474,0.661,1.88762919179794e-07
"Selenop",1.14145967613932e-11,-0.14611436747896,0.905,0.967,2.08453366056562e-07
"Ndufb1-ps",1.24676299182071e-11,-0.21941040679596,0.439,0.657,2.27683857566298e-07
"Edf1",1.29451551374383e-11,-0.198807735811162,0.59,0.766,2.36404423119899e-07
"Atp6v0b",1.29907157200427e-11,-0.215077679293903,0.438,0.654,2.37236450479419e-07
"Cnih1",1.34818917738402e-11,-0.203635088620164,0.2,0.384,2.46206307573869e-07
"Erc1",1.3493459608565e-11,0.231718724568715,0.534,0.412,2.46417559371614e-07
"Sat1",1.3523425705408e-11,-0.251039832534047,0.419,0.619,2.46964800232161e-07
"Syf2",1.35394212427817e-11,-0.213060037555035,0.517,0.718,2.47256910735679e-07
"Atox1",1.37904313212357e-11,-0.152474066402052,0.848,0.931,2.51840856788406e-07
"Snx13",1.39522106830038e-11,0.238395327162346,0.453,0.343,2.54795271493016e-07
"Coa3",1.5815639567069e-11,-0.216498954358629,0.309,0.524,2.88825209773814e-07
"Gng11",1.72063786362079e-11,-0.177527907118293,0.773,0.904,3.14222886654428e-07
"Nkd1",1.72795741667207e-11,-0.244615314289355,0.287,0.47,3.15559583432653e-07
"mt-Nd1",1.73347312714826e-11,-0.101782963127226,0.963,0.992,3.16566862479816e-07
"Sfr1",1.77827760685696e-11,-0.216673583481278,0.475,0.674,3.24749056564218e-07
"Jmjd1c",1.90779923800885e-11,0.210048081985422,0.72,0.656,3.48402296845177e-07
"Zcchc7",2.02802263944258e-11,0.230223099348337,0.582,0.503,3.70357494415004e-07
"Tspan13",2.03296501627026e-11,-0.160841625698517,0.811,0.929,3.71260071271275e-07
"Snrnp27",2.07653532106133e-11,-0.224435421445533,0.363,0.572,3.7921688033222e-07
"Rab11a",2.18803178894464e-11,-0.188332230860314,0.654,0.829,3.99578365297069e-07
"Dyrk1a",2.25092255563337e-11,0.224608837906466,0.365,0.235,4.11063477109766e-07
"Grasp",2.36624067447014e-11,-0.211085227838525,0.568,0.749,4.32122871971737e-07
"Tmem50a",2.62041281203211e-11,-0.194510538518406,0.621,0.778,4.78539787733303e-07
"Eif3h",2.63252578922209e-11,-0.194090594452833,0.61,0.778,4.80751859627739e-07
"Rps6",2.79846249595106e-11,-0.136131599304852,0.873,0.962,5.11055221010583e-07
"Kansl1",2.81587116868633e-11,0.211323692228918,0.675,0.622,5.14234392825497e-07
"Gstm1",2.87773625389534e-11,-0.220369252827412,0.408,0.619,5.25532194686367e-07
"Zfp36",2.93535887909064e-11,-0.251169410882697,0.32,0.492,5.36055238499533e-07
"Fam193a",2.98762881966293e-11,0.223520737884101,0.484,0.364,5.45600775046845e-07
"Igtp",2.996347176718e-11,-0.192174754356894,0.127,0.278,5.47192921412241e-07
"Ndufa4",3.1007328821716e-11,-0.170510630138242,0.739,0.884,5.66255838942178e-07
"S100a13",3.21271448842026e-11,-0.173536354340742,0.758,0.868,5.86705919875307e-07
"Tspan5",3.23371207894455e-11,0.164087002452005,0.865,0.875,5.90540499856853e-07
"Nes",3.44142759502701e-11,-0.213399615478,0.582,0.751,6.28473507403833e-07
"Galnt15",3.56241328123654e-11,0.230564841351789,0.368,0.258,6.50567913419418e-07
"Sgk1",3.79709868935737e-11,-0.219880936733748,0.289,0.49,6.93426162650444e-07
"Sqstm1",4.20206099275395e-11,-0.202796509292892,0.554,0.758,7.67380378496727e-07
"Map3k20",4.21453306103871e-11,0.225903016383109,0.556,0.443,7.69658027606889e-07
"Dph3",4.69424291900941e-11,-0.210238244226622,0.214,0.394,8.57262641869499e-07
"Card19",4.7217451693311e-11,-0.215167187878149,0.365,0.552,8.62285102823245e-07
"Abl2",4.74089824342856e-11,0.204235707411123,0.312,0.174,8.65782837214923e-07
"Polr1d",4.74709964734926e-11,-0.210369111179997,0.38,0.586,8.66915337598921e-07
"S100a16",4.79276206160832e-11,-0.205373827941715,0.55,0.721,8.75254207690911e-07
"H2afv",5.26271176769588e-11,-0.20756302904403,0.46,0.678,9.61076423016622e-07
"Srp19",5.37625898565842e-11,-0.215415945468682,0.273,0.479,9.81812415960941e-07
"Fermt2",5.51745738786482e-11,-0.146289457679101,0.831,0.939,1.00759806817187e-06
"Junb",5.66240468017003e-11,-0.266598181867383,0.419,0.591,1.03406834269265e-06
"Lrpap1",5.82450139185143e-11,-0.207071159475862,0.286,0.482,1.06367044417991e-06
"Gm10076",6.07130154393405e-11,-0.208708949491296,0.446,0.643,1.10874108795324e-06
"Dlg1",6.16742365532977e-11,0.223821086721507,0.45,0.354,1.12629490793632e-06
"Crem",6.18325020811248e-11,-0.214320354772774,0.236,0.438,1.1291851530055e-06
"Rtraf",6.41163738501287e-11,-0.213653826599571,0.365,0.584,1.17089321925105e-06
"Rps18",6.83552646899265e-11,-0.11972563839497,0.905,0.976,1.24830384376744e-06
"Tbcc",6.95850832423556e-11,-0.144361855736661,0.047,0.174,1.2707627901719e-06
"Ppp1r11",7.37139876102974e-11,-0.207884511109652,0.343,0.548,1.34616484173925e-06
"Nebl",7.40217893123656e-11,0.141292199909929,0.927,0.943,1.35178591642242e-06
"Capza2",7.5209949458111e-11,-0.198552951849846,0.537,0.734,1.37348409700402e-06
"Psmc4",7.73682241009018e-11,-0.203639710617766,0.239,0.435,1.41289850853067e-06
"Mdh2",7.95710087185876e-11,-0.206725831850365,0.376,0.581,1.45312576121885e-06
"Ifit3",8.42836074873795e-11,-0.230462551370719,0.157,0.309,1.53918723993452e-06
"Ambra1",8.61504443916831e-11,0.224739267268716,0.416,0.312,1.57327941548092e-06
"Xaf1",8.84117964634066e-11,-0.221263628939581,0.365,0.554,1.61457622701473e-06
"Gpatch2",8.94039646897330e-11,0.204960222821553,0.286,0.169,1.63269520316391e-06
"Lfng",9.16833003554862e-11,-0.142411006043463,0.047,0.157,1.67432043109189e-06
"Grk5",1.00626664677382e-10,0.22966954728745,0.371,0.271,1.83764415033836e-06
"Herc1",1.02267257755489e-10,0.222269514989554,0.53,0.416,1.86760466113074e-06
"Ppm1l",1.0411193694469e-10,0.234634653910797,0.269,0.171,1.90129219248393e-06
"Plxna2",1.07560550089414e-10,0.201309366252046,0.733,0.695,1.96427076573287e-06
"Rps6ka5",1.10248397010824e-10,0.229781948243081,0.337,0.217,2.01335622621167e-06
"Med28",1.13150445049422e-10,-0.205464006881843,0.331,0.535,2.06635342749254e-06
"Psmb1",1.18426753070873e-10,-0.194667015019702,0.567,0.749,2.16270936458028e-06
"Eef1b2",1.20750519546219e-10,-0.173896259804092,0.724,0.851,2.20514598795305e-06
"Drap1",1.21486793569221e-10,-0.207568802760843,0.427,0.629,2.21859182416112e-06
"Grcc10",1.22066851193653e-10,-0.199325434508474,0.528,0.725,2.2291848364985e-06
"Tnrc6b",1.26743426007679e-10,0.215811342791341,0.606,0.523,2.31458844575224e-06
"Nutf2-ps1",1.28057647311746e-10,-0.116607253473081,0.023,0.113,2.33858875520711e-06
"Pttg1ip",1.28958970799978e-10,-0.200491847710503,0.528,0.71,2.3550487247492e-06
"Ostf1",1.3235378920184e-10,-0.18399021927774,0.624,0.785,2.417044898404e-06
"Insyn2a",1.37075228853829e-10,0.147049725314528,0.14,0.041,2.50326782932863e-06
"Sft2d1",1.41694526132524e-10,-0.203743585709205,0.228,0.414,2.58762543623215e-06
"Hras",1.43135743900049e-10,-0.203970143123388,0.253,0.46,2.61394495510269e-06
"Rps27l",1.46334520312112e-10,-0.207753531660779,0.436,0.629,2.67236100993979e-06
"Smagp",1.51139758415204e-10,-0.201107913495814,0.177,0.336,2.76011426817846e-06
"Ly6c1",1.53241069395932e-10,-0.0680691857236222,0.989,0.997,2.79848840930851e-06
"Ndufb4",1.57769102555249e-10,-0.204098161423878,0.439,0.629,2.88117935086396e-06
"Psmb6",1.6327566536288e-10,-0.199700777359459,0.475,0.666,2.98174020085692e-06
"Focad",1.65944828158395e-10,0.184364337300557,0.188,0.089,3.03048445182861e-06
"Fth1",1.67847093008713e-10,-0.104427140799604,0.947,0.989,3.06522361252511e-06
"Gtdc1",1.74285423066032e-10,0.236491596970148,0.374,0.268,3.18280039603187e-06
"Mib1",1.76200812986779e-10,0.216307798864908,0.444,0.34,3.21777924676456e-06
"Orai1",1.80908157934471e-10,-0.210543584512667,0.345,0.542,3.3037447801993e-06
"Eif3d",1.82555066260104e-10,-0.201519377995551,0.253,0.435,3.33382062004203e-06
"Gnaq",1.85408767488821e-10,0.188113798722326,0.752,0.704,3.38593491188085e-06
"Zfp706",1.9229068016227e-10,-0.204854205308915,0.306,0.501,3.51161240112337e-06
"Adcy9",1.92745458759074e-10,0.195734379667862,0.258,0.144,3.51991756785821e-06
"Chd4",1.94529510991741e-10,0.207785988983667,0.643,0.528,3.55249792973118e-06
"Ceacam1",1.95516923276177e-10,-0.2030157647959,0.478,0.65,3.57053005286954e-06
"Jup",2.00019281457893e-10,-0.20425579568241,0.309,0.504,3.65275211798405e-06
"Pcbp1",2.02440433853904e-10,-0.205560783313948,0.435,0.627,3.69696720303999e-06
"Heg1",2.04994627655687e-10,0.161732847793143,0.857,0.864,3.74361189024815e-06
"Slc25a4",2.05781798813009e-10,-0.194095857653566,0.57,0.756,3.75798720992317e-06
"Pmepa1",2.12293836061405e-10,-0.214568815382781,0.429,0.625,3.87691003415338e-06
"Uqcr11",2.16147980871476e-10,-0.192451609676008,0.564,0.755,3.94729442667489e-06
"Dysf",2.21608946950223e-10,0.217817754286251,0.396,0.276,4.04702258920498e-06
"Cuedc2",2.22709673131076e-10,-0.202322884988437,0.222,0.428,4.06712405071971e-06
"Mcl1",2.29474411831229e-10,-0.17187778017672,0.696,0.839,4.19066170886189e-06
"Rpl7a",2.53715158550925e-10,-0.161934510476095,0.752,0.897,4.633346225457e-06
"Fmnl2",2.61947654522752e-10,0.224389219124749,0.469,0.361,4.7836880668945e-06
"Itsn2",2.63198706107364e-10,0.194780911156678,0.697,0.644,4.80653477093267e-06
"Pmp22",2.66696705083062e-10,-0.212139096991044,0.309,0.484,4.87041522822687e-06
"4932438A13Rik",2.73488044529856e-10,0.213022377035177,0.519,0.409,4.99443866920424e-06
"Csnk2b",2.77342883884032e-10,-0.202161406542564,0.245,0.443,5.06483574549019e-06
"Vamp8",2.94771450059915e-10,-0.202296236088821,0.427,0.625,5.38311622099416e-06
"Ccdc141",2.97786005836269e-10,0.159902466441005,0.901,0.881,5.43816803858194e-06
"Sh3glb1",3.04243218258582e-10,-0.143121865199028,0.825,0.929,5.55608965183823e-06
"Gna11",3.10962615012816e-10,-0.19344698207816,0.514,0.697,5.67879927536405e-06
"Fto",3.12704016006749e-10,0.214853473357621,0.45,0.358,5.71060074031524e-06
"Scp2",3.33000193497747e-10,-0.199354256996986,0.466,0.661,6.08124953365585e-06
"Raly",3.4749018506469e-10,-0.205337769218003,0.374,0.572,6.34586575965136e-06
"Gm49417",3.49160103968876e-10,0.211191563077675,0.312,0.197,6.37636181867961e-06
"Phf21a",3.49688619583706e-10,0.218893200928224,0.48,0.395,6.38601357083764e-06
"Snrpd3",3.5311410243955e-10,-0.198733832491356,0.227,0.425,6.44856973875106e-06
"Scaper",3.58065360393264e-10,0.228855435340976,0.439,0.33,6.53898961150178e-06
"Prss23",3.61628300992108e-10,-0.223529557589154,0.495,0.626,6.60405603271787e-06
"Sgms1",3.69421830579373e-10,0.0984991780488544,0.961,0.977,6.74638147004052e-06
"Abhd17a",3.71256024023275e-10,-0.203008723094404,0.325,0.517,6.77987751071306e-06
"Atp5e",3.71714596123821e-10,-0.172898092381034,0.699,0.853,6.78825195441322e-06
"Nek7",3.79316756932523e-10,0.203855482991925,0.641,0.554,6.92708261510173e-06
"Ube2i",3.86607790715393e-10,-0.196976066357213,0.342,0.531,7.06023147404451e-06
"Myrip",3.95052478616047e-10,0.218265718014751,0.472,0.404,7.21444836448625e-06
"Ndufb11",3.97909887916735e-10,-0.193628230706888,0.525,0.718,7.26663037313541e-06
"Gm11867",4.13675223705417e-10,-0.172195862117186,0.057,0.183,7.55453693530832e-06
"Cetn3",4.14964858659804e-10,-0.200685939219903,0.484,0.652,7.57808824884534e-06
"Rpl13a",4.33259074768375e-10,-0.105668955257298,0.932,0.977,7.91217722342006e-06
"Tex264",4.48233994257026e-10,-0.175588988289756,0.132,0.278,8.18564920312181e-06
"Vdac1",4.54748944644946e-10,-0.202470893456685,0.301,0.503,8.304625227106e-06
"Eloc",4.71460869511921e-10,-0.198142215973237,0.354,0.54,8.6098183990267e-06
"Ginm1",4.94959822205765e-10,-0.199598273098535,0.289,0.486,9.03895627312167e-06
"Spata13",4.97510002837484e-10,0.203871106982422,0.356,0.239,9.08552767181814e-06
"Sf3b6",5.04051882567377e-10,-0.197751847971805,0.335,0.535,9.20499547944545e-06
"Frmd5",5.08241871854701e-10,0.262575310849424,0.429,0.344,9.28151306381055e-06
"Isg15",5.12336851343317e-10,-0.241948321575985,0.346,0.503,9.35629557923166e-06
"Hnrnpm",5.13051355074155e-10,-0.190185386700859,0.564,0.741,9.36934384636423e-06
"Ifi35",5.17537133203924e-10,-0.201373929886829,0.292,0.456,9.45126312657007e-06
"Rapgef1",5.1902111612163e-10,0.213385328525647,0.565,0.462,9.47836362261322e-06
"Rfx3",5.24241440793461e-10,0.201482786524589,0.267,0.159,9.57369719177019e-06
"Ndufa8",5.44345324614291e-10,-0.201266174851841,0.3,0.504,9.94083431810618e-06
"Med13l",5.8058806444937e-10,0.211258914363774,0.461,0.363,1.06026992329744e-05
"Ahsa1",5.89967342363516e-10,-0.177922422150947,0.129,0.282,1.07739836062425e-05
"Lrmda",5.9411837892783e-10,0.243744847995049,0.256,0.161,1.084978983598e-05
"Cep112",6.25347635435017e-10,0.23153116813073,0.349,0.245,1.14200985183143e-05
"Lsr",6.47993249516497e-10,-0.168202037786555,0.714,0.848,1.18336527226703e-05
"Rtp4",6.52840464619637e-10,-0.205677661490169,0.197,0.37,1.19221725648838e-05
"Bad",6.69492680404607e-10,-0.172390834362597,0.144,0.293,1.22262753295489e-05
"Rtl8a",6.70366341588065e-10,-0.201419529297399,0.542,0.701,1.22422301300812e-05
"Lgals9",6.82965723625215e-10,-0.203777838942243,0.385,0.578,1.24723200448437e-05
"Myh9",7.03500285500167e-10,0.160091668557012,0.856,0.833,1.28473222138041e-05
"Slc15a2",7.32429121990455e-10,0.116894567813215,0.102,0.023,1.33756206257897e-05
"Sh3gl1",7.35280979345087e-10,-0.183741929997892,0.155,0.323,1.34277012448e-05
"Paip2",7.66815449250947e-10,-0.191121222499804,0.539,0.725,1.40035837342208e-05
"Esd",7.70300398514138e-10,-0.194494315021132,0.41,0.586,1.40672258776652e-05
"Zfp366",7.7040196191118e-10,0.199145075543856,0.713,0.663,1.4069080628422e-05
"Alyref",8.05659686452473e-10,-0.181834286355399,0.174,0.34,1.47129571939951e-05
"Ildr2",8.73599570012901e-10,0.213832834690553,0.325,0.214,1.59536753475756e-05
"Tns1",8.73785867520023e-10,0.157199454339768,0.835,0.827,1.59570775126507e-05
"Sdhb",8.98342661081833e-10,-0.196364705265468,0.301,0.493,1.64055336766764e-05
"Psmc3",9.2683536144446e-10,-0.194847787945343,0.498,0.687,1.69258673706987e-05
"Psmc1",9.27272692751244e-10,-0.201398286586617,0.38,0.559,1.69338539150232e-05
"Arih1",9.34418791239276e-10,0.198756464996778,0.612,0.531,1.70643559656117e-05
"Gulp1",9.69863782161495e-10,0.222417192643159,0.618,0.574,1.77116523898332e-05
"Atp6v1e1",9.71776413581917e-10,-0.19266536795274,0.466,0.652,1.7746580864833e-05
"Rassf1",9.72374217853435e-10,-0.205635007715857,0.303,0.5,1.77574979664394e-05
"Arhgap26",9.85420291597534e-10,0.211535005200823,0.53,0.462,1.79957453651542e-05
"Rhog",9.87255144686108e-10,-0.170782286426442,0.137,0.286,1.80292534522577e-05
"Ralgapa2",1.00645465325014e-09,0.190156751008481,0.253,0.146,1.83798748776541e-05
"Cdkn1c",1.03708639299658e-09,-0.237901216806934,0.391,0.537,1.89392717089035e-05
"Castor1",1.05909910465086e-09,-0.189517069766212,0.208,0.38,1.9341267849134e-05
"Gbp3",1.10034715437386e-09,-0.20576723306037,0.29,0.458,2.00945397331754e-05
"Irf1",1.11605659345962e-09,-0.19290141758103,0.197,0.37,2.03814255097596e-05
"Ankrd17",1.12033872517144e-09,0.208036060447043,0.519,0.426,2.04596257990809e-05
"Mob3b",1.12051894090374e-09,0.221324178221593,0.363,0.268,2.04629168987841e-05
"Tbc1d10a",1.12281261062322e-09,-0.163022048619896,0.09,0.235,2.05048038952013e-05
"Tax1bp3",1.178652710141e-09,-0.190758838484558,0.208,0.392,2.15245557925949e-05
"Sec61g",1.19834063648759e-09,-0.193267621964176,0.489,0.68,2.18840967035364e-05
"Tomm20",1.22645146454102e-09,-0.192853520974494,0.373,0.562,2.23974566454482e-05
"Rpl18a",1.23930706832195e-09,-0.0968038867961278,0.941,0.982,2.26322256816954e-05
"Tcf4",1.24527971037884e-09,0.109570095328156,0.943,0.952,2.27412980709385e-05
"Degs2",1.27394409145719e-09,-0.195577226329085,0.519,0.681,2.32647669981911e-05
"mt-Nd4",1.31061560314899e-09,-0.0811499661482533,0.972,0.993,2.39344621447068e-05
"Dusp7",1.32849577260301e-09,-0.194023593417412,0.267,0.45,2.42609897992762e-05
"Manf",1.35729610188077e-09,-0.199911974178622,0.357,0.548,2.47869414125467e-05
"Rxylt1",1.37488306102334e-09,-0.17535623932989,0.135,0.285,2.51081144604082e-05
"Trappc4",1.41408936960279e-09,-0.192239812355764,0.28,0.465,2.58241000676862e-05
"Lyl1",1.41423101915158e-09,-0.140113409366116,0.062,0.183,2.58266868717462e-05
"Cox6b1",1.42751288036099e-09,-0.165603671004222,0.689,0.839,2.60692402211523e-05
"Tjp1",1.46702425255592e-09,0.106773853994455,0.953,0.96,2.67907969001762e-05
"Rptor",1.46978494155146e-09,0.181860495636915,0.275,0.173,2.68412126026128e-05
"Gm41030",1.47302272954558e-09,-0.13579308014466,0.042,0.137,2.69003410869614e-05
"Luc7l2",1.50341513936035e-09,0.178446994204123,0.745,0.72,2.74553672749988e-05
"Bcl10",1.51502208424313e-09,-0.192155627854926,0.222,0.392,2.7667333302448e-05
"mt-Nd3",1.52290908260483e-09,-0.154071285624612,0.781,0.895,2.78113656665294e-05
"Gm16286",1.52687398484206e-09,-0.175101321533966,0.171,0.329,2.78837727111857e-05
"Arhgef3",1.54094024360912e-09,0.20986429131419,0.548,0.479,2.81406507287897e-05
"Fbxl7",1.54822094002275e-09,0.229144889704458,0.582,0.541,2.82736108066955e-05
"Hikeshi",1.59224465313565e-09,-0.18004368265012,0.182,0.331,2.90775718555633e-05
"Ubr3",1.59973253510746e-09,0.20503858488294,0.498,0.404,2.92143155561325e-05
"Plat",1.6595906931132e-09,-0.195795440409943,0.646,0.8,3.03074452376332e-05
"Bzw1",1.66228228172192e-09,-0.185973484940577,0.531,0.7,3.03565990288056e-05
"Tap2",1.70700831556281e-09,-0.19348431528706,0.259,0.445,3.11733858588081e-05
"A430090L17Rik",1.72771277413373e-09,0.140384118070487,0.14,0.052,3.15514906812302e-05
"Nrp1",1.76724954879883e-09,0.209537237832915,0.663,0.632,3.22735112601643e-05
"Fbln2",1.79923632702906e-09,-0.228146104263627,0.216,0.364,3.28576538042048e-05
"Tomm6",1.9143116326648e-09,-0.193075328339265,0.349,0.537,3.49591590357245e-05
"Hspd1",1.96678479748569e-09,-0.192658180677904,0.411,0.606,3.59174239716837e-05
"Ly6a",1.98207355549811e-09,-0.0756812929764177,0.977,0.994,3.61966272705066e-05
"Tcf7l1",1.98303087136006e-09,0.187622621218679,0.245,0.143,3.62141097727774e-05
"Vapa",2.06367030306864e-09,-0.192045675206829,0.427,0.635,3.76867470746396e-05
"Ifi47",2.09047604956617e-09,-0.173764401711349,0.123,0.268,3.81762736171775e-05
"Nudc",2.09251071828173e-09,-0.191532520252541,0.38,0.576,3.82134307372609e-05
"Kmt2c",2.11859938147678e-09,0.190050546217444,0.66,0.615,3.8689861904529e-05
"Kdelr1",2.12103922131595e-09,-0.190021603656024,0.349,0.55,3.8734418259672e-05
"Dnah3",2.12933743640589e-09,0.183026510331935,0.199,0.102,3.88859602636444e-05
"Rab14",2.14314346658365e-09,-0.166094109849012,0.674,0.809,3.91380859867506e-05
"Ifit1",2.14683456471523e-09,-0.236745087503348,0.222,0.354,3.92054928208295e-05
"Ninj1",2.16540780335016e-09,-0.180764178225606,0.161,0.319,3.95446773047806e-05
"Sox7",2.19800236868237e-09,-0.178523007963476,0.171,0.33,4.01399192568774e-05
"Cyth2",2.20604430383952e-09,-0.174883225021776,0.154,0.314,4.02867810767173e-05
"Pou2f1",2.22303891129092e-09,0.202508110280574,0.343,0.232,4.05971365979949e-05
"Thada",2.26290047462643e-09,0.183263563040163,0.247,0.144,4.1325088467628e-05
"Iscu",2.28762175132774e-09,-0.190311074097064,0.284,0.467,4.17765484227472e-05
"Hey1",2.30348730081971e-09,-0.215108645871128,0.283,0.438,4.20662850875695e-05
"Rraga",2.36910220294258e-09,-0.186075853975929,0.303,0.487,4.32645444301373e-05
"Malat1",2.38342251122529e-09,-0.0672755012481958,0.988,0.982,4.35260618999962e-05
"Eif3k",2.38545689666672e-09,-0.196322456314667,0.443,0.659,4.35632138469277e-05
"Rapgef5",2.41071279034325e-09,0.205501023670636,0.618,0.551,4.40244369772484e-05
"Baz2b",2.43522059993764e-09,0.180454704333675,0.741,0.684,4.44719985960612e-05
"Mat2b",2.45624335491233e-09,-0.198729876585118,0.326,0.516,4.4855916147409e-05
"Lnpep",2.46396579144183e-09,0.199413920324271,0.539,0.459,4.49969432833106e-05
"Mrpl4",2.66050215982287e-09,-0.170234184425904,0.146,0.286,4.85860904426853e-05
"Pds5a",2.75061589251446e-09,0.202545602479241,0.446,0.333,5.02317474290991e-05
"Sbds",2.75472963847317e-09,-0.18809642486509,0.466,0.659,5.03068726577971e-05
"Rbm6",2.81496954082117e-09,0.19954318007654,0.52,0.432,5.14069737544761e-05
"Hyal2",2.92983173168506e-09,-0.1840615477206,0.197,0.368,5.35045870840326e-05
"Rpl14",2.93844981529781e-09,-0.125399645548487,0.868,0.953,5.36619705269685e-05
"Foxq1",2.95034397610637e-09,-0.164603049318385,0.761,0.865,5.38791816916546e-05
"Mllt10",2.95536261573026e-09,0.195234924436221,0.613,0.551,5.39708320884661e-05
"Rdx",3.0120811705046e-09,-0.14119803264688,0.821,0.918,5.50066263357551e-05
"Stag1",3.0513011848223e-09,0.177603317012595,0.728,0.71,5.57228622372249e-05
"Dop1a",3.1505973986733e-09,0.203272101890303,0.407,0.309,5.75362096945718e-05
"Nxpe4",3.15069589432755e-09,0.174618092067977,0.759,0.729,5.75380084222098e-05
"Stmn1",3.33256621167315e-09,-0.203744915568212,0.387,0.557,6.0859324157575e-05
"Mir100hg",3.53491789468114e-09,0.210675041985833,0.266,0.169,6.4554670592667e-05
"Rbis",3.53887006131963e-09,-0.178923137265939,0.197,0.36,6.4626845059819e-05
"Ist1",3.61290549094221e-09,-0.184031560131823,0.248,0.422,6.59788800755867e-05
"Ptpn14",3.71349938695054e-09,0.199873518215625,0.469,0.384,6.78159258044907e-05
"Fos",3.72286210129708e-09,-0.259453741011741,0.295,0.442,6.79869076938872e-05
"Sypl",3.73473135096308e-09,-0.171106753992366,0.623,0.782,6.82036639312878e-05
"Dgkh",3.77423814660992e-09,0.207261545420485,0.54,0.442,6.89251370333904e-05
"Ndufv2",3.77779052542393e-09,-0.192230654152231,0.318,0.517,6.89900105752918e-05
"Dynlrb1",4.09237478632496e-09,-0.187218242027933,0.455,0.653,7.47349483478665e-05
"Vasp",4.18610761415626e-09,-0.181177780254975,0.27,0.439,7.64466972497215e-05
"Sap30l",4.24321879891923e-09,-0.186014671586333,0.256,0.441,7.74896617058629e-05
"Tma7",4.30903028601557e-09,-0.18948574295734,0.46,0.649,7.86915110832162e-05
"Tmem128",4.35809815404122e-09,-0.177687936368183,0.222,0.371,7.95875884891008e-05
"Taldo1",4.39259291079218e-09,-0.18486925422513,0.497,0.66,8.02175317368868e-05
"Hdac9",4.48123091720362e-09,0.250704960045237,0.326,0.248,8.18362390099726e-05
"Trir",4.53652398251114e-09,-0.182714075884877,0.453,0.642,8.28460009686184e-05
"Pum2",4.58525865951706e-09,0.188413824030583,0.623,0.534,8.37359936401006e-05
"Rpl10-ps3",4.63063269286163e-09,-0.184796487674915,0.193,0.363,8.45646142370391e-05
"Saraf",4.70223557896377e-09,-0.18894522587228,0.43,0.619,8.58722261430365e-05
"Pgrmc1",4.89851028915535e-09,-0.190653713289888,0.365,0.551,8.94565949005549e-05
"Lamtor3",5.30548355592977e-09,-0.175154337440991,0.216,0.373,9.68887406983894e-05
"Aamp",5.47831752684403e-09,-0.183916756377126,0.36,0.54,0.000100045034675226
"Cecr2",5.76392672565367e-09,0.197300122496708,0.312,0.218,0.000105260829863887
"Cdh5",5.86058171720105e-09,-0.134399627578436,0.814,0.918,0.000107025943319526
"Nedd4l",5.8798707674217e-09,0.20680466749983,0.463,0.358,0.000107378199954655
"Arpc2",5.88943743974383e-09,-0.141445349525948,0.804,0.887,0.000107552906524602
"Mast4",5.94362630384592e-09,0.168277308429827,0.809,0.793,0.000108542503560834
"Ube2b",6.1067259763281e-09,-0.17930768838461,0.53,0.712,0.000111521029779704
"Pdlim7",6.36151791677634e-09,-0.175093825058018,0.144,0.279,0.00011617404019617
"Rasal2",6.39386541399008e-09,0.198800999221801,0.716,0.657,0.000116764770190287
"Dync1h1",6.41672805144629e-09,0.179431596577193,0.696,0.644,0.000117182287675512
"Proser2",6.61604360297541e-09,-0.18706332883754,0.148,0.289,0.000120822188277537
"Pde4d",6.71000914769742e-09,0.224573408960155,0.356,0.28,0.00012253818705525
"Nxpe2",6.86015391354662e-09,0.201211299895234,0.421,0.323,0.000125280130769188
"Rai14",6.93344095314952e-09,0.192276022659226,0.607,0.579,0.000126618498686417
"Ran",6.99812285832582e-09,-0.181162113149899,0.477,0.659,0.000127799719638746
"Arhgap31",7.26124411129159e-09,0.126466150336361,0.89,0.909,0.000132604839960407
"Mob4",7.37919790049298e-09,-0.185388061102751,0.342,0.53,0.000134758912058803
"St6galnac2",7.76735230562806e-09,-0.182381247509655,0.436,0.602,0.00014184738780538
"Ric8a",7.87207091572449e-09,-0.155656620589375,0.106,0.231,0.000143759759062961
"Psma4",8.0525001561149e-09,-0.187724654602323,0.38,0.576,0.00014705475785097
"Rpl5",8.3489429374225e-09,-0.119238972332208,0.876,0.952,0.00015246839592321
"Eif4a3",8.44335158923776e-09,-0.180542629462607,0.228,0.408,0.00015419248672266
"Tmem241",8.90725317017353e-09,0.137607618317668,0.143,0.057,0.000162664257393709
"Tln2",9.15931285203027e-09,0.199963296722463,0.404,0.313,0.000167267371303777
"Atp5l",9.19197199184642e-09,-0.165363564247606,0.663,0.813,0.000167863792515099
"Gatm",9.40466763475516e-09,-0.235174080635771,0.402,0.531,0.000171748040345899
"Med10",9.6687610964173e-09,-0.173991135851968,0.193,0.363,0.000176570915142773
"Polr2k",9.85560214030074e-09,-0.188664398739537,0.259,0.438,0.000179983006286172
"Stard3nl",1.00156674342122e-08,-0.181700666571143,0.292,0.467,0.000182906118683584
"Atp5c1",1.03680351698329e-08,-0.172747411295475,0.556,0.724,0.000189341058271488
"Psma6",1.04040662301877e-08,-0.175130033640114,0.522,0.704,0.000189999057495687
"Hcfc1r1",1.05269600440235e-08,-0.186311192174492,0.303,0.487,0.000192243344323957
"Creb3",1.05320209658896e-08,-0.141766154738316,0.099,0.225,0.000192335766879076
"Cct7",1.07389664696513e-08,-0.180592035560791,0.45,0.637,0.000196115005668771
"Tgfbr2",1.07565643374734e-08,0.170285791927993,0.75,0.711,0.000196436377930939
"Slc6a6",1.0776457572468e-08,-0.117260364724147,0.89,0.967,0.000196799668188411
"Cdk19",1.10472487590611e-08,0.208867318055896,0.697,0.635,0.000201744856837974
"Tmsb10",1.11594530891953e-08,-0.250749669486763,0.449,0.559,0.000203793932314884
"Cope",1.14202680300955e-08,-0.184695365689737,0.303,0.483,0.000208556934765604
"Tsen34",1.19009172947108e-08,-0.17369001025325,0.21,0.364,0.000217334551636008
"Atf7ip",1.19357043183402e-08,0.196427669529216,0.432,0.33,0.00021796983226153
"Psmd13",1.19681428801437e-08,-0.181124576958394,0.27,0.433,0.000218562225277184
"Apod",1.22323008081588e-08,-0.201183533801816,0.155,0.283,0.000223386277358596
"Sar1b",1.23116518032153e-08,-0.17537459485033,0.242,0.422,0.000224835385230318
"St8sia4",1.24287395627275e-08,0.207657246554028,0.599,0.518,0.000226973641894529
"Nrf1",1.26485287481648e-08,0.182062105019643,0.321,0.212,0.000230987431998986
"Txndc15",1.30787734694272e-08,-0.171267094696735,0.217,0.373,0.000238844561098679
"Wdr37",1.39503587988563e-08,0.189574980470658,0.449,0.351,0.000254761452384714
"Dcun1d5",1.40515905862114e-08,-0.178250826466516,0.224,0.395,0.000256610147285392
"Ahsa2",1.4117868641204e-08,-0.168292746019846,0.169,0.309,0.000257820517125667
"Cfl2",1.42317585716167e-08,-0.186986778657592,0.352,0.533,0.000259900375034864
"Pcca",1.44503273891366e-08,0.198427585068183,0.474,0.399,0.000263891878780413
"Ash1l",1.45417972742426e-08,0.17438512170428,0.711,0.66,0.000265562301822218
"Ywhab",1.47271051816979e-08,-0.146808149162144,0.738,0.86,0.000268946394828168
"Snrpb2",1.47536572686903e-08,-0.172675438803055,0.168,0.312,0.000269431289040822
"Rbx1",1.47735795124687e-08,-0.167626271269528,0.606,0.78,0.000269795109056704
"Mrps18a",1.48408261699134e-08,-0.158672928432282,0.137,0.279,0.000271023167514958
"Chn2",1.52182108895504e-08,0.191818764388486,0.613,0.569,0.000277914967264969
"Srsf11",1.5352147799109e-08,-0.178220588202827,0.498,0.669,0.000280360923107329
"Braf",1.55152894124336e-08,0.194181182451812,0.477,0.388,0.000283340215249862
"Zfp521",1.5934827758285e-08,0.155833864052748,0.138,0.057,0.000291001824521801
"Tm2d2",1.62097897868705e-08,-0.173227239745316,0.202,0.373,0.000296023181087829
"Prkce",1.64792599200125e-08,0.19616885128974,0.421,0.333,0.000300944244659269
"Trip12",1.65209194276217e-08,0.185281732374272,0.568,0.496,0.000301705030587228
"Park7",1.69059259742396e-08,-0.173105350235527,0.543,0.721,0.000308736020141564
"Ino80b",1.72744649580195e-08,-0.170105447182215,0.171,0.313,0.000315466279063352
"Mxra7",1.73844885138609e-08,-0.188026311936886,0.343,0.538,0.000317475529240127
"Fus",1.76646434860272e-08,0.182521761033042,0.627,0.569,0.000322591719341829
"Ric1",1.81832856166302e-08,0.175920654816799,0.289,0.184,0.000332063161930901
"Strap",1.84369127881619e-08,-0.175267992957377,0.252,0.426,0.000336694901337413
"Arpc5l",1.84630985846702e-08,-0.177346409947623,0.262,0.424,0.000337173106353247
"Nme2",1.90782209811409e-08,-0.142209616544755,0.77,0.907,0.000348406471557595
"Mif4gd",1.94900061952584e-08,-0.161016530069444,0.158,0.299,0.000355926493137809
"Prom1",1.95348411001253e-08,0.163817977244918,0.783,0.773,0.000356745268170488
"Ciao2b",1.9834613707596e-08,-0.172002644803468,0.205,0.36,0.000362219715528119
"Ssb",1.99042378223514e-08,-0.166633408123384,0.618,0.773,0.000363491191111782
"Dnaja2",2.07410753946006e-08,-0.175296827251297,0.461,0.639,0.000378773518856197
"Arpc1a",2.20336126793502e-08,-0.179674728085765,0.359,0.541,0.000402377834750294
"Hnrnpk",2.28808026002815e-08,-0.150914011426267,0.707,0.839,0.00041784921708634
"Bloc1s1",2.29602040273229e-08,-0.179339057848355,0.207,0.365,0.000419299245946971
"Bcam",2.36827168133097e-08,-0.167394907575256,0.616,0.782,0.000432493774444662
"Ppt2",2.41695403522212e-08,-0.161801266822472,0.155,0.293,0.000441384145912264
"Pdcl3",2.43499125093044e-08,-0.179460442741186,0.301,0.475,0.000444678102244917
"1810026B05Rik",2.45615105195405e-08,-0.177302272368524,0.309,0.473,0.000448542305107849
"Tspo",2.48086846467707e-08,-0.164524029456048,0.722,0.826,0.000453056199019327
"Caml",2.50104340026496e-08,-0.17293615785425,0.208,0.365,0.000456740545756386
"Churc1",2.59045923025874e-08,-0.169196841266974,0.172,0.326,0.000473069664629851
"Mrpl43",2.60260082764076e-08,-0.17397236116342,0.241,0.415,0.000475286963143755
"Gm19951",2.66260064953641e-08,-0.165999310813485,0.661,0.805,0.000486244130618339
"Actr10",2.66794504014308e-08,-0.177960189094428,0.297,0.475,0.000487220123230929
"Ccz1",2.70994578316788e-08,-0.179470233572515,0.287,0.456,0.000494890298922119
"Tm2d1",2.71781370528143e-08,-0.175974448239395,0.217,0.388,0.000496327138858494
"Ptpn4",2.73136950076439e-08,0.162914340930825,0.225,0.127,0.000498802698229592
"Phkb",2.74143630062063e-08,0.185701004569389,0.323,0.227,0.000500641097219339
"Usp32",2.78995220001847e-08,0.178453113134967,0.348,0.258,0.000509501070767373
"Pop4",2.79645316854326e-08,-0.137650261028359,0.089,0.205,0.00051068827763937
"Ndufa12",2.81270580725316e-08,-0.178480168824147,0.311,0.483,0.000513656334520572
"0610010K14Rik",2.91919013458944e-08,-0.180381792280717,0.258,0.408,0.000533102502378723
"H2afy",2.98057246049988e-08,-0.1777902944312,0.317,0.484,0.000544312142736488
"Ddx39b",2.98224026501919e-08,-0.182124089924858,0.301,0.473,0.000544616717197804
"Brix1",3.02501958098691e-08,-0.143886648828291,0.101,0.225,0.000552429075879829
"Lmbr1",3.05085178369738e-08,0.176624605724825,0.25,0.171,0.000557146552738815
"Npm1",3.0605881132937e-08,-0.161131287324376,0.638,0.795,0.000558924601249696
"Tom1l2",3.08081464449983e-08,0.18582299533608,0.522,0.445,0.000562618370378558
"Hivep2",3.08448142990593e-08,0.195497413664742,0.514,0.436,0.00056328799872942
"Ptov1",3.10311829720899e-08,-0.154994064364388,0.13,0.268,0.000566691463436306
"Emc3",3.16019121344997e-08,-0.178094224161207,0.306,0.475,0.000577114119400233
"Psmb2",3.16670265080685e-08,-0.17560999979553,0.433,0.613,0.000578303238090347
"Fhit",3.32975508246066e-08,0.169798650204904,0.112,0.041,0.000608079873158966
"Spsb3",3.400730908073e-08,-0.124458301721514,0.057,0.161,0.00062104147843229
"Ndrg1",3.4306332218192e-08,-0.145648366306917,0.756,0.902,0.000626502238968622
"Hip1",3.56284538980278e-08,0.138807375140933,0.857,0.878,0.000650646825085783
"Snrpc",3.5808330805276e-08,-0.171392858313846,0.241,0.395,0.000653931737165951
"Rbm42",3.65342135694406e-08,-0.178045206699027,0.318,0.479,0.000667187808205124
"Txndc17",3.68827308542486e-08,-0.172256554250504,0.517,0.704,0.000673552430860288
"Ift20",3.75201457164849e-08,-0.1839031631952,0.273,0.425,0.000685192901074448
"Plekhj1",3.85569931277349e-08,-0.144240721524158,0.092,0.227,0.000704127808498695
"Lsm10",3.85968013874347e-08,-0.123129958341565,0.068,0.17,0.000704854786937333
"Babam2",3.88899341052823e-08,0.189666608235377,0.484,0.424,0.000710207976630665
"Ftl1-ps1",3.91131704432798e-08,-0.13220917579683,0.07,0.183,0.000714284718635176
"Cltb",3.92787211347165e-08,-0.172648285668915,0.556,0.718,0.000717308005362192
"Cnih4",3.97719346209464e-08,-0.177014536802975,0.37,0.551,0.000726315070047724
"AW112010",3.98967503460565e-08,-0.192452406391889,0.408,0.581,0.000728594454819683
"Rnf187",3.99496833455644e-08,-0.170582213533008,0.284,0.458,0.000729561117256697
"Rbm7",4.05980206996706e-08,-0.17295655230276,0.25,0.416,0.000741401054017384
"AI467606",4.17787823244361e-08,-0.150063308009442,0.13,0.266,0.000762964122808851
"Klf9",4.3311483604242e-08,-0.166592364505676,0.637,0.785,0.000790954313580668
"Ccdc115",4.48128022102257e-08,-0.141067731877468,0.104,0.232,0.000818371393963142
"Arpc4",4.48144080646229e-08,-0.176398572273827,0.391,0.576,0.000818400720076144
"Nop53",4.6456986045967e-08,-0.174904808207275,0.391,0.581,0.000848397479171449
"Anxa2",4.75246356267095e-08,-0.16917921039986,0.612,0.792,0.000867894895814969
"Psmd8",4.85219777403094e-08,-0.176886182021001,0.335,0.52,0.000886108357493531
"Cox7a2",4.86699544687536e-08,-0.14838815128218,0.689,0.836,0.000888810708508379
"Ldlrad3",4.88900049103009e-08,0.181938272263717,0.616,0.582,0.000892829269671915
"Psenen",4.94294207630402e-08,-0.177357099580575,0.348,0.534,0.00090268008197464
"Phc3",4.98785873459096e-08,0.186275515191879,0.391,0.31,0.000910882762111002
"Grb14",5.11124919151356e-08,0.1919729675218,0.626,0.586,0.000933416327354206
"Mrps21",5.1244568385976e-08,-0.169688349972651,0.323,0.487,0.000935828307864694
"Tpd52",5.17462932927461e-08,-0.161712790725381,0.584,0.752,0.000944990808112129
"Trappc6b",5.27996573062027e-08,-0.173526962189861,0.407,0.588,0.000964227341725873
"Nrbp1",5.32905441255104e-08,-0.177040338709336,0.393,0.551,0.00097319191682007
"Dusp8",5.41449405836996e-08,-0.141995870751762,0.084,0.201,0.000988794904939523
"Dennd1b",5.42300205152843e-08,0.179430934139874,0.343,0.251,0.000990348634650123
"Atp5a1",5.43672928392206e-08,-0.159727678386213,0.602,0.758,0.000992855501829847
"Phf1",5.51288558857245e-08,-0.150384285175398,0.148,0.28,0.0010067631661851
"Svil",5.53113716509897e-08,0.186906168361495,0.54,0.484,0.00101009626909037
"Ehbp1",5.64178479596222e-08,0.174860401408315,0.241,0.15,0.00103030273943862
"Zhx3",5.6656188800686e-08,0.187729400080221,0.492,0.415,0.00103465531987813
"Arfgef1",5.77513460514219e-08,0.185723896066745,0.463,0.39,0.00105465508159107
"Ergic3",5.82509231971616e-08,-0.168580958657918,0.241,0.409,0.00106377835942656
"AU020206",5.83849517449713e-08,0.167771364167921,0.264,0.17,0.00106622598876667
"Ttc28",5.98646011203659e-08,0.181057645252784,0.634,0.575,0.00109324734566012
"Dapk3",6.03859633082938e-08,-0.138478455017049,0.081,0.197,0.00110276846193606
"Ndufa11",6.05680997146779e-08,-0.178000337968596,0.382,0.564,0.00110609463698945
"Itih5",6.19210406371522e-08,-0.181194000368591,0.661,0.802,0.00113080204411567
"Prdx2",6.21194051179406e-08,-0.168811683686051,0.502,0.673,0.00113442457626383
"Ubxn1",6.21368570145431e-08,-0.173309095828107,0.492,0.647,0.00113474328279959
"Rexo2",6.316846528035e-08,-0.176420916886889,0.516,0.663,0.00115358251294975
"Pwwp2b",6.54398836524296e-08,-0.141200397618551,0.109,0.229,0.00119506315526067
"9530026P05Rik",6.71328897195025e-08,0.198423157742091,0.599,0.623,0.00122598083205756
"Atpif1",6.76561870409193e-08,-0.178064114165317,0.267,0.446,0.00123553728774127
"Ifi27",6.82138252734385e-08,-0.170580802317693,0.575,0.732,0.00124572087714353
"Amotl1",6.94427340773651e-08,0.182749968610666,0.539,0.438,0.00126816320972084
"Sertad1",7.09654035580092e-08,-0.159323300567218,0.174,0.323,0.00129597019977636
"Gab1",7.12364055244421e-08,0.190885840821757,0.418,0.336,0.00130091923768736
"Zfp532",7.13321993210312e-08,0.166699971035322,0.269,0.169,0.00130266862400067
"Tanc1",7.22087528205447e-08,0.178753417506234,0.616,0.585,0.00131867624400879
"Polr2i",7.25756342176814e-08,-0.165336894038356,0.183,0.322,0.0013253762320833
"Nsa2",7.31143739034746e-08,-0.187028161768643,0.402,0.572,0.00133521469622525
"Ctif",7.31740784206661e-08,0.178192767030375,0.345,0.238,0.0013363050201182
"Arl6ip1",7.44521726647993e-08,-0.162445870802159,0.599,0.746,0.00135964557720456
"Kat6a",7.76371022336563e-08,0.174135970654292,0.607,0.533,0.00141780876099103
"Psme4",7.95863593658276e-08,0.182362578470816,0.447,0.358,0.00145340609473874
"Pdcd2",7.9917458461518e-08,-0.107511838331916,0.042,0.122,0.00145945262642424
"Gstm7",8.17461916052394e-08,-0.158851575263903,0.11,0.224,0.00149284895109488
"Bok",8.29466205256874e-08,-0.16212511589757,0.112,0.235,0.0015147711840401
"Wdr7",8.29753774176843e-08,0.167442807631499,0.239,0.152,0.00151529634240175
"Tcf3",8.40020436237373e-08,-0.158866860328927,0.186,0.319,0.00153404532065669
"Bcl7b",8.48245877049073e-08,-0.173380976727896,0.214,0.377,0.00154906662066702
"Fgd5",8.48290615307813e-08,0.157820227476565,0.75,0.717,0.00154914832167513
"Eif4g3",8.66303661451251e-08,0.177494278703411,0.582,0.511,0.00158204374654227
"Zfp608",8.68116137216665e-08,0.185047401957407,0.337,0.259,0.00158535368978507
"Gm15738",8.89671504068729e-08,0.163642776164375,0.258,0.169,0.00162471810073031
"Irgm1",8.98957903809213e-08,-0.168076570891697,0.155,0.288,0.00164167692393638
"Kcnq1ot1",9.1042270720575e-08,0.207469810651847,0.328,0.248,0.00166261394789914
"Rasgrf2",9.1455181022041e-08,0.174449812601379,0.236,0.17,0.00167015451582451
"Gtf2b",9.25180040466285e-08,-0.148894982165587,0.137,0.268,0.00168956378989953
"Ncoa1",9.27840468796262e-08,0.183045176221885,0.613,0.545,0.00169442226411573
"Scfd2",9.30896462338656e-08,0.156044989107714,0.182,0.092,0.00170000311952285
"Wdr61",9.37851161335359e-08,-0.173728115812806,0.253,0.433,0.00171270379083063
"Zfp148",9.38818477467119e-08,0.176427967970841,0.568,0.496,0.00171447030355045
"Eif6",9.5407160115087e-08,-0.165622352804495,0.238,0.407,0.00174232555802172
"Pabpc1",9.62376199804729e-08,-0.166803966018909,0.582,0.735,0.0017574914160834
"Gbe1",9.75356070574532e-08,0.190004059149353,0.525,0.456,0.00178119525608321
"Slc12a6",9.82014420106227e-08,0.185759028395625,0.439,0.361,0.00179335473399799
"Ldlrad4",9.93842763914376e-08,0.195395949089921,0.36,0.265,0.00181495565546043
"Mlf2",9.99712840158815e-08,-0.17173591160654,0.317,0.489,0.00182567558869803
"Cct6a",1.00945331255675e-07,-0.171143233089289,0.444,0.62,0.00184346363939113
"Snrpg",1.01885029224596e-07,-0.16451947872021,0.536,0.725,0.00186062440369957
"Pibf1",1.020272048623e-07,0.175130152381841,0.331,0.234,0.00186322081519533
"Vwa8",1.02460789653916e-07,0.177587238118939,0.314,0.217,0.00187113894065981
"Uqcc2",1.05636907218095e-07,-0.170567061599854,0.477,0.666,0.00192914119961686
"Shroom4",1.06349315650843e-07,0.183165755078495,0.562,0.503,0.0019421512024157
"Mindy1",1.06555827903994e-07,-0.168655933932209,0.5,0.667,0.00194592252918273
"Esyt2",1.06990988132052e-07,0.13711064904531,0.84,0.861,0.00195386942526754
"Ndufa2",1.07074642098158e-07,-0.162460133259488,0.545,0.721,0.00195539711399657
"Chmp2a",1.13234325915195e-07,-0.16099866273544,0.589,0.761,0.00206788525986328
"Ghr",1.14977148703012e-07,0.201752045364447,0.368,0.305,0.0020997126896144
"Slc31a2",1.15408567147666e-07,-0.148141033984996,0.144,0.275,0.00210759125325068
"Mtch1",1.16630726733574e-07,-0.17352937426899,0.388,0.561,0.00212991033160853
"Dmxl1",1.1738948655564e-07,0.180117727215191,0.484,0.397,0.0021437668034791
"Snd1",1.17420018059346e-07,0.170569189393399,0.314,0.22,0.00214432436979977
"Mprip",1.19099763417828e-07,0.13410585806456,0.826,0.86,0.00217499987953637
"Tbcb",1.19547196345697e-07,-0.169534123277823,0.387,0.572,0.00218317089966512
"Ranbp2",1.21834412570978e-07,0.180731643777184,0.489,0.401,0.00222494004237121
"Rtl8b",1.23515450357693e-07,-0.178555133664632,0.362,0.538,0.00225563915443219
"Psmb9",1.23598517837486e-07,-0.169407429334436,0.255,0.408,0.00225715613274817
"Smco4",1.24233142839335e-07,-0.168578898554925,0.464,0.64,0.00226874565453194
"Rrp1",1.27844798825065e-07,-0.168105175788553,0.432,0.613,0.00233470171614333
"Filip1l",1.30998503632338e-07,0.182884706460855,0.446,0.35,0.00239229467333376
"Tmed4",1.314591211002e-07,-0.162003659134754,0.18,0.322,0.00240070646953186
"Uqcrh",1.31961104376313e-07,-0.147683421025669,0.699,0.83,0.00240987368812022
"Gm48678",1.32480072087153e-07,0.16983475828262,0.28,0.187,0.00241935107645559
"G3bp1",1.34464446086828e-07,-0.171659514486996,0.41,0.578,0.00245558971443766
"Shank3",1.34845661591692e-07,0.179787547425149,0.435,0.36,0.00246255147198748
"Mfsd2a",1.35856400416612e-07,-0.189140170425574,0.528,0.652,0.00248100958440817
"Alpl",1.35922746830457e-07,-0.196436854040914,0.455,0.593,0.00248222120261781
"Thoc7",1.36189803773707e-07,-0.168049227976599,0.272,0.428,0.00248709819651544
"Exoc6",1.36605826851568e-07,0.179463739088398,0.514,0.45,0.00249469560996334
"Vti1b",1.38157002146397e-07,-0.169607084013579,0.349,0.506,0.00252302317319751
"Gmpr2",1.42315076805381e-07,-0.124091788725187,0.084,0.193,0.00259895793261987
"Ccdc12",1.42795032169286e-07,-0.169053206727373,0.422,0.586,0.0026077228774755
"Yipf4",1.4304685978795e-07,-0.169128825557352,0.311,0.49,0.00261232175344754
"Spock2",1.43183486209054e-07,-0.104460161013637,0.935,0.975,0.00261481682514974
"Ptprb",1.46395010973133e-07,0.0621298543285431,0.988,0.993,0.00267346569039136
"Rsrc2",1.47215837156185e-07,-0.16904339088221,0.519,0.673,0.00268845561814626
"Bag5",1.52167835657848e-07,-0.171058943935598,0.301,0.469,0.00277888901478362
"Psma5",1.53287135878951e-07,-0.166475113231598,0.345,0.511,0.0027993296754214
"Tpk1",1.535632880444e-07,0.169056299425814,0.207,0.132,0.00280437276626684
"Aurkaip1",1.55249481444234e-07,-0.17020262448376,0.29,0.463,0.00283516603013461
"Srp9",1.56007493839022e-07,-0.169159370583049,0.376,0.545,0.00284900885248823
"Hsp90aa1",1.56338310779066e-07,-0.142802451861192,0.755,0.87,0.0028550502314473
"Gimap6",1.58542993724924e-07,-0.170952509048276,0.584,0.731,0.00289531215140456
"Vps13d",1.61134691002482e-07,0.178676211727399,0.45,0.381,0.00294264172708732
"Lpar6",1.6376262303199e-07,-0.180553588961848,0.258,0.392,0.0029906330218102
"Btrc",1.64199068484611e-07,0.164984766336406,0.267,0.181,0.00299860338866597
"Anapc11",1.64300401359071e-07,-0.166535328453601,0.267,0.436,0.00300045392961936
"Tbc1d5",1.64302895981222e-07,0.18562650375185,0.522,0.455,0.00300049948640907
"Rab18",1.66904221144914e-07,-0.161001123264832,0.542,0.712,0.00304800488654842
"Tspan9",1.6791930785934e-07,0.175363763956847,0.416,0.339,0.00306654240012727
"Hspe1",1.67923723468866e-07,-0.17367722226647,0.342,0.52,0.00306662303798843
"Rcan2",1.68543663715257e-07,0.188750395242564,0.334,0.262,0.00307794438676802
"Spidr",1.70373945830932e-07,0.160957701678505,0.239,0.156,0.00311136899876448
"Apc",1.75329233673733e-07,0.172209505368022,0.584,0.528,0.00320186246534971
"Fat4",1.75853881064603e-07,0.166260016769301,0.28,0.19,0.00321144357600178
"Egr1",1.77081302978717e-07,0.182811898048381,0.141,0.068,0.00323385875499734
"Pias1",1.77138800747695e-07,0.17293080767976,0.439,0.356,0.00323490877925441
"Ndufb10",1.87008103141618e-07,-0.168356378874208,0.424,0.601,0.00341514197957223
"Ppp2r2d",1.89145182510417e-07,-0.169509374304705,0.348,0.511,0.00345416932300524
"Slc25a5",1.90526433584126e-07,-0.168234782560455,0.469,0.637,0.0034793937301133
"Gm26672",1.91668003805379e-07,0.137826873900874,0.148,0.071,0.00350024108549382
"Foxn3",1.93020543414732e-07,0.159665242796779,0.708,0.693,0.00352494116383983
"Trim8",1.93755934673269e-07,-0.150977547768645,0.174,0.326,0.00353837087900323
"Ramac",2.00803294191385e-07,-0.169978177762456,0.292,0.449,0.00366706975852307
"Hspa5",2.02859609138789e-07,-0.150188132636113,0.714,0.84,0.00370462218209256
"Pdgfd",2.03347092922766e-07,0.164993017718796,0.75,0.773,0.00371352461095556
"Gigyf2",2.03993153817956e-07,0.175841444678433,0.39,0.288,0.00372532297502351
"Cycs",2.04117524265547e-07,-0.170414767870182,0.306,0.479,0.00372759422813741
"Pqlc1",2.04571995555161e-07,-0.163951434807824,0.245,0.397,0.00373589378282835
"Elof1",2.05800909849943e-07,-0.153095298335079,0.199,0.351,0.00375833621567967
"Phactr2",2.07080706096658e-07,0.16955118728585,0.632,0.589,0.00378170785473717
"Fkbp8",2.08907717293906e-07,-0.162855240934348,0.281,0.449,0.0038150727332213
"Dhrs7",2.1483851018443e-07,-0.166150828264512,0.247,0.405,0.00392338087298806
"Spr",2.15842776558153e-07,-0.167095996732401,0.306,0.494,0.003941720785505
"Fars2",2.19394365738656e-07,0.166099103700471,0.303,0.227,0.00400657990711934
"Grpel1",2.214292937308e-07,-0.163008284992846,0.248,0.395,0.00404374176211187
"Glg1",2.23788192216234e-07,0.172714417245923,0.556,0.494,0.00408681996625286
"Camk2n1",2.26777452792786e-07,-0.1742112959639,0.298,0.463,0.00414140984290186
"Tmco1",2.29530146506933e-07,-0.157870191882073,0.564,0.721,0.00419167953550962
"Tmtc2",2.29597116102091e-07,0.161828826773907,0.797,0.796,0.00419290253425638
"Gm17106",2.29872874655944e-07,0.127393476303574,0.154,0.078,0.00419793843696684
"Rb1",2.31525589300492e-07,0.179501180576866,0.472,0.401,0.00422812031180559
"Mga",2.35412577247125e-07,0.175227700483625,0.398,0.296,0.00429910448568699
"Pacs1",2.38277048617366e-07,0.186946295227544,0.416,0.36,0.00435141546185034
"Sorbs1",2.39503335029128e-07,0.16769205659763,0.722,0.693,0.00437380990430194
"Cdk11b",2.39971835236052e-07,-0.174083857176666,0.425,0.584,0.00438236565508078
"Zcrb1",2.40110359374176e-07,-0.169854002574399,0.419,0.591,0.00438489538289121
"Mydgf",2.41639443793286e-07,-0.163703336211323,0.27,0.425,0.00441281952255298
"Limch1",2.42452546043773e-07,0.147497611463158,0.784,0.775,0.00442766839585139
"Slc22a8",2.44974768342743e-07,-0.190584102428003,0.433,0.578,0.00447372921947518
"Gapdh",2.46260697924822e-07,-0.148781454702902,0.682,0.841,0.0044972128655031
"Cript",2.48973559240419e-07,-0.167214645408075,0.306,0.484,0.00454675513884854
"Vegfd",2.54162034667735e-07,0.104590601135735,0.107,0.034,0.00464150707710218
"Faf1",2.62503718264111e-07,0.174479910285971,0.469,0.399,0.00479384290293919
"Kif13a",2.67760530130757e-07,0.173180793798428,0.36,0.28,0.00488984280124789
"Pih1d1",2.69925918769689e-07,-0.124172391112394,0.089,0.197,0.00492938712857205
"Mbnl1",2.70027210209901e-07,0.151971369482225,0.736,0.712,0.00493123691285322
"Rpl10",2.71524532807027e-07,-0.12068141886953,0.818,0.939,0.00495858101812194
"Npc2",2.71856148113241e-07,-0.16764081511727,0.408,0.571,0.004964636976844
"Lcorl",2.79315504815974e-07,0.188966339692308,0.404,0.333,0.00510085974894932
"Dpy30",2.79483395591604e-07,-0.153803640095471,0.214,0.373,0.00510392577029387
"Phb2",2.7972412592721e-07,-0.15706454366195,0.217,0.387,0.00510832198768271
"Hagh",2.8008088243944e-07,-0.145808559417693,0.143,0.276,0.00511483707510906
"Bptf",2.90673702566545e-07,0.161911824390842,0.686,0.635,0.00530828315627025
"Sorbs2",2.90810767756608e-07,0.120263183716041,0.873,0.907,0.00531078624077118
"Atp5o",2.93130113631033e-07,-0.160925573401199,0.506,0.69,0.00535314213512993
"Tmem14c",2.96215447367835e-07,-0.168862715791696,0.37,0.559,0.00540948649983141
"Fam118a",3.00818836216973e-07,-0.132051989005688,0.098,0.207,0.00549355358699436
"Chchd1",3.02230151403727e-07,-0.161565186848507,0.236,0.37,0.00551932702493485
"Kdm5a",3.15748094497736e-07,0.171663847696066,0.418,0.313,0.00576619170171765
"Nbeal1",3.1698763868979e-07,0.164666700212849,0.648,0.619,0.00578882825775295
"Aak1",3.20393140086045e-07,0.171942692677591,0.407,0.323,0.00585101952425136
"Ap2m1",3.22897704656613e-07,-0.166095701045723,0.34,0.507,0.00589675788243907
"Foxf2",3.27809280430139e-07,-0.165828657216066,0.388,0.552,0.0059864530792152
"Bnip2",3.31913198408356e-07,-0.140081545921786,0.736,0.837,0.00606139882933339
"Abcg2",3.33236339496697e-07,-0.11459268306003,0.863,0.946,0.00608556203188868
"Baz1b",3.41202565241634e-07,0.169886165023836,0.573,0.508,0.00623104124644273
"Trps1",3.46591795631545e-07,0.187735881454124,0.48,0.433,0.00632945937182327
"Bax",3.47551456416042e-07,-0.167259844232799,0.325,0.476,0.00634698469706975
"Mertk",3.54716394790195e-07,0.17590015576927,0.436,0.365,0.00647783080165853
"Prrc2c",3.61394333545294e-07,0.135311141581785,0.811,0.81,0.00659978331920417
"Eif4ebp1",3.61446503687669e-07,-0.138238132049666,0.123,0.232,0.00660073605034422
"Msx1",3.62164995810461e-07,-0.144482675690045,0.135,0.246,0.00661385715349064
"4930517O19Rik",3.64951343408851e-07,0.168210056961287,0.3,0.214,0.00666474143333243
"Ube2m",3.65249703381979e-07,-0.160566731304131,0.25,0.409,0.0066701900831617
"Wdr89",3.65586511158668e-07,-0.152317926777557,0.185,0.333,0.0066763408667796
"Olfml2a",3.75071485115712e-07,-0.131227543584222,0.085,0.187,0.00684955546118313
"Trappc5",3.75307373235211e-07,-0.153509929657332,0.169,0.317,0.00685386325002142
"Mpv17",3.77865380686695e-07,-0.134391430061479,0.107,0.227,0.00690057758210042
"Tmem208",3.78098870528977e-07,-0.153416413674566,0.205,0.347,0.00690484157360017
"Lsm3",3.78805510011114e-07,-0.131721488416454,0.087,0.194,0.00691774622382297
"Plcb4",3.86006039202569e-07,0.149892079076763,0.773,0.735,0.00704924228791731
"Ufc1",3.91101598151482e-07,-0.15843943763428,0.248,0.412,0.00714229738544237
"Emg1",3.95893277881305e-07,-0.156243214302299,0.2,0.357,0.00722980304066839
"Atp8a1",3.97763184373229e-07,0.172400569672767,0.613,0.568,0.0072639512730239
"Rps2",4.04711903683547e-07,-0.101352387507044,0.891,0.973,0.00739084878506894
"Rundc3b",4.05163303528245e-07,0.150379956567635,0.789,0.789,0.00739909224903281
"Atxn7l1",4.10954830952679e-07,0.150873362071449,0.21,0.142,0.00750485712285783
"Zfp638",4.19870653281981e-07,0.167230533448819,0.578,0.518,0.00766767787023553
"Gbf1",4.22036727145967e-07,0.17299516884187,0.433,0.364,0.00770723471113965
"Cops9",4.22582942344051e-07,-0.167610777677951,0.359,0.545,0.00771720969308707
"Ndufs2",4.25178181212268e-07,-0.161932817298753,0.262,0.421,0.00776460394529844
"Mal",4.26225096825252e-07,-0.129910597848838,0.831,0.928,0.00778372271822276
"Fbxo11",4.29065850592595e-07,0.173134883016718,0.489,0.421,0.00783560056352197
"Fn1",4.33424575475951e-07,0.11579120023758,0.905,0.902,0.00791519959734182
"Txnl4a",4.38492930860506e-07,-0.136225146888655,0.116,0.241,0.00800775790337456
"Tbl1xr1",4.4082714495724e-07,0.15554715851947,0.272,0.184,0.00805038532120912
"Ppp6r3",4.44492226959968e-07,0.166924509126615,0.464,0.39,0.00811731704874293
"Tdrp",4.44975395742181e-07,-0.168824183257175,0.36,0.517,0.0081261406770437
"Ssna1",4.47306622107741e-07,-0.158403834758111,0.236,0.395,0.00816871353293157
"Fyco1",4.5878579630374e-07,0.173465783212826,0.517,0.448,0.0083783462120989
"Cyb5b",4.67837769921822e-07,0.16892304114131,0.472,0.397,0.00854365335431232
"Chchd4",4.69752078886069e-07,-0.103857224093362,0.048,0.132,0.00857861246461739
"Trio",4.80047400358602e-07,0.161832854802911,0.354,0.266,0.00876662562534879
"Lysmd2",4.80701970463856e-07,-0.153559991388894,0.183,0.32,0.00877857938461093
"Tmem258",4.84093519548206e-07,-0.156763718328291,0.219,0.371,0.00884051585398934
"Nlk",4.84650805715959e-07,0.160487291817539,0.312,0.232,0.00885069301398485
"Amd2",4.87732202253308e-07,-0.0943314630828123,0.043,0.12,0.00890696547754991
"Tmem222",4.89444586433925e-07,-0.118617644939419,0.087,0.184,0.00893823703745633
"Pgam1",4.99416148209843e-07,-0.154655199669431,0.267,0.416,0.00912033769860816
"D130009I18Rik",5.04775431512115e-07,0.109118908766858,0.115,0.044,0.00921820893027425
"Hist1h2bc",5.05152140032601e-07,-0.176120303835394,0.41,0.565,0.00922508838127535
"Adgrf5",5.05778505136146e-07,0.0849269118048928,0.943,0.972,0.00923652706079629
"Rgcc",5.12160915315069e-07,-0.191425621982908,0.396,0.521,0.0093530826354838
"Ppp1r9b",5.12616781696427e-07,0.156923089594413,0.306,0.227,0.00936140766734015
"Ppp3ca",5.13036795877221e-07,0.153546554715002,0.711,0.707,0.0093690779663098
"Son",5.19683819522516e-07,-0.115710600856667,0.82,0.918,0.00949046591212018
"Rbm3",5.19754847793198e-07,-0.165183589199343,0.393,0.565,0.00949176303039938
"Pttg1",5.29944195811641e-07,-0.162458278311948,0.28,0.456,0.00967784090391218
"Smg7",5.36344062435234e-07,0.165642645874333,0.351,0.278,0.00979471526819224
"Map4k3",5.38376765634398e-07,0.164886320394918,0.635,0.605,0.00983183649401537
"Denr",5.42192193421503e-07,-0.165398722322477,0.289,0.445,0.00990151383626349
"Huwe1",5.46828853743127e-07,0.163128055291292,0.618,0.561,0.00998618852705699
"Cd34",5.52517882354121e-07,-0.121528092071655,0.804,0.907,0.010090081567551
"Med29",5.5256804361474e-07,-0.132620508381215,0.112,0.229,0.0100909976124924
"Timm50",5.59281840832026e-07,-0.12144559915089,0.089,0.194,0.0102136049772745
"Selenom",5.98325981980877e-07,-0.160823070456435,0.502,0.659,0.0109266290829348
"Serpinb6a",5.9852238623075e-07,-0.156590985483699,0.556,0.71,0.010930215817346
"Ube2d3",6.07381900304473e-07,-0.153797447451751,0.561,0.718,0.0110920082633603
"Cnn2",6.09113727880633e-07,-0.164114780887883,0.256,0.409,0.0111236348985561
"Stat3",6.16064970493562e-07,0.165044356065977,0.539,0.473,0.0112505784911534
"Lcor",6.18265314754254e-07,0.170482607086087,0.411,0.331,0.0112907611780422
"Stxbp5",6.22367467395673e-07,0.153373402380187,0.284,0.2,0.0113656746895798
"Phf11d",6.2261195033993e-07,-0.123115193288061,0.073,0.163,0.0113701394371078
"Hnrnpa2b1",6.33792270658632e-07,-0.117959453915623,0.811,0.921,0.0115743144467679
"Pdss2",6.41622161858107e-07,0.153613063512009,0.234,0.153,0.0117173039198527
"Fcgrt",6.41833874460447e-07,-0.156321622826553,0.62,0.776,0.0117211702153967
"Ndufs3",6.53712679639326e-07,-0.155806445586759,0.224,0.373,0.0119381009555734
"Lactb",6.56668543222166e-07,-0.158221076774807,0.196,0.337,0.0119920809363232
"March5",6.61034329949123e-07,-0.154912539705849,0.256,0.418,0.0120718089335309
"Gadd45b",6.72946908591262e-07,-0.136381629593981,0.092,0.193,0.0122893564446936
"Zyg11b",6.74496394347407e-07,0.166674636294939,0.366,0.295,0.0123176531535724
"Slc10a7",6.77796996662054e-07,0.166424875280788,0.365,0.279,0.0123779287530424
"F11r",6.79615643671625e-07,-0.163987463779079,0.416,0.589,0.0124111408847312
"A030001D20Rik",6.92064763315239e-07,0.0976890048442407,0.101,0.035,0.0126384867076629
"Setd5",7.10508697931691e-07,0.165320229692258,0.576,0.53,0.0129753098416285
"Bud31",7.14018491415419e-07,-0.147679263134322,0.193,0.341,0.0130394056902284
"Pdrg1",7.14023373621072e-07,-0.15722225431334,0.214,0.361,0.013039494849068
"Gask1b",7.225837183708e-07,0.146180116120548,0.186,0.116,0.0131958238648875
"Uqcr10",7.28240452595187e-07,-0.158943892767618,0.472,0.64,0.0132991271452933
"Rplp1",7.31760956264834e-07,-0.0718999101744917,0.955,0.993,0.0133634185833084
"Mdp1",7.3196609474181e-07,-0.135702655329641,0.135,0.269,0.0133671648221749
"Ide",7.34096713308416e-07,0.143664339386919,0.231,0.147,0.0134060741784383
"Cd83",7.35348525773979e-07,-0.112679151832899,0.059,0.139,0.0134289347776844
"Sec13",7.36226763077101e-07,-0.146435837710258,0.179,0.312,0.013444973147314
"Chordc1",7.39400751364422e-07,-0.16038372083855,0.334,0.483,0.0135029365214171
"Ppp3cc",7.40163437379108e-07,0.1741568080464,0.433,0.364,0.0135168646934173
"Ndufb8",7.42697730246704e-07,-0.162268578940616,0.425,0.603,0.0135631459497653
"Erp29",7.43853135178776e-07,-0.16117277099583,0.326,0.483,0.0135842459546348
"Mcub",7.58444156784204e-07,-0.153306765303603,0.189,0.323,0.0138507071911931
"Cdkn2b",7.60446572307389e-07,-0.152978835625361,0.141,0.254,0.0138872753034775
"Tvp23b",7.60566365347549e-07,-0.136790628596598,0.137,0.261,0.0138894629639769
"Plaur",7.67337461353532e-07,-0.144029611537477,0.11,0.227,0.0140131167192382
"Erbin",7.70121011971657e-07,0.163163054834737,0.519,0.452,0.0140639499206264
"Atp6v1f",7.73860396539473e-07,-0.153410889558577,0.528,0.69,0.0141322385616039
"Cox19",7.75037043442536e-07,-0.12795665154886,0.113,0.228,0.0141537264873476
"Tbck",7.83819935816167e-07,0.154440870189786,0.273,0.187,0.0143141196678748
"Ndfip2",7.86093412343941e-07,-0.161641631940131,0.328,0.52,0.0143556378962251
"Gde1",7.89629156119131e-07,-0.16033474931358,0.286,0.442,0.0144202076490476
"Depdc5",7.89739062366877e-07,0.136491035746724,0.203,0.123,0.0144222147569439
"Sdcbp",8.03682556868035e-07,-0.152002872143027,0.54,0.72,0.0146768508535241
"Naa38",8.06559494993093e-07,-0.158614220293454,0.224,0.371,0.0147293894975639
"Yipf3",8.08223683340235e-07,-0.141590732650231,0.155,0.295,0.0147597809051594
"St5",8.16157963247585e-07,0.165574797838064,0.32,0.231,0.0149046767248274
"Psmb8",8.37836670193232e-07,-0.162767299309116,0.427,0.579,0.0153005732710688
"Ndufs8",8.57146243993792e-07,-0.151767172997951,0.197,0.324,0.0156532047078146
"Picalm",8.65409055256099e-07,0.148289511847581,0.705,0.693,0.0158041001670869
"Golga4",8.66288815486306e-07,0.171340695752168,0.483,0.425,0.0158201663484109
"Dnajc1",8.74451034946733e-07,0.164562646260478,0.61,0.565,0.0159692248001972
"Adgre5",8.96041492726463e-07,-0.158918824365561,0.512,0.681,0.0163635097401707
"Ost4",9.01957301652933e-07,-0.160317500172836,0.453,0.615,0.0164715442427859
"Ppm1h",9.43629215381283e-07,0.171438030841599,0.39,0.33,0.017232556731293
"Timm17a",9.54781578324242e-07,-0.152832978592624,0.224,0.375,0.0174362211833573
"Fer",9.66276919284093e-07,0.162893996023526,0.382,0.305,0.0176461490999661
"Pds5b",9.66990280112192e-07,0.170604973857652,0.477,0.387,0.0176591764954089
"BC031181",9.87446140562586e-07,-0.156689292374498,0.402,0.568,0.0180327414189539
"Gars",9.98711303032222e-07,-0.153613918327269,0.267,0.409,0.0182384658159744
"Lamtor2",1.00478893404418e-06,-0.156473732217556,0.339,0.524,0.0183494555135148
"Snx29",1.01891829847026e-06,0.145583957247776,0.231,0.157,0.0186074859666639
"Ptgfrn",1.02708147941575e-06,0.132110099931019,0.158,0.086,0.0187565619770904
"Ppp1r12b",1.04325762483801e-06,0.155390553678245,0.255,0.174,0.0190519707447917
"Llph",1.05225546816215e-06,-0.163182938581554,0.276,0.433,0.0192162893595771
"Vps72",1.05517358705295e-06,-0.13885344850816,0.149,0.282,0.0192695800467609
"Trim56",1.07155253796779e-06,0.165724804743151,0.376,0.293,0.0195686924483679
"Ndst1",1.0880412017381e-06,0.14122452227337,0.25,0.164,0.0198698084261412
"C1qbp",1.12090976459397e-06,-0.135174838940166,0.134,0.265,0.0204700541210151
"Fbxw7",1.12725896995674e-06,0.164759579690787,0.387,0.312,0.02058600330935
"Podxl",1.12896458120225e-06,0.119488702523919,0.86,0.884,0.0206171511819155
"Tgfb2",1.12970809026446e-06,0.185079853675014,0.559,0.5,0.0206307291444096
"Abhd8",1.14711675319391e-06,-0.102847812857318,0.053,0.139,0.0209486461468272
"Cmpk1",1.17711712998368e-06,-0.156020146888117,0.345,0.52,0.0214965130277619
"Bbc3",1.18230889130838e-06,-0.0912261994083504,0.037,0.116,0.0215913249730737
"Fbxl6",1.20565383835705e-06,-0.106313648913065,0.057,0.146,0.0220176503960764
"Fndc3b",1.207775429449e-06,0.166322005980395,0.422,0.341,0.0220563948925977
"Txn2",1.21262978414514e-06,-0.157306277946695,0.307,0.46,0.0221450451180586
"Wwtr1",1.21767241097721e-06,0.133745070850442,0.783,0.796,0.0222371335692658
"Cdc42bpa",1.2214526057843e-06,0.149352127978204,0.694,0.657,0.022306167486833
"Arf2",1.22651704489768e-06,-0.145553119808236,0.175,0.32,0.0223986542739214
"Ext1",1.22962364309771e-06,0.16766256692642,0.289,0.217,0.0224553869702504
"P4ha2",1.2383232360359e-06,-0.143426450543937,0.171,0.293,0.0226142589364876
"Tomm22",1.24364445817715e-06,-0.15339094143928,0.311,0.473,0.0227114350952311
"Ubtf",1.26841565228447e-06,-0.162065828772993,0.388,0.547,0.023163806642019
"Pomc",1.27382967424028e-06,-0.0985792654730327,0.034,0.108,0.023262677510976
"Lrch3",1.27868654088203e-06,0.1602888697091,0.545,0.494,0.0233513736095877
"Zfhx3",1.27902354735148e-06,0.164986838129406,0.312,0.224,0.0233575280217326
"Mrps16",1.29235665650528e-06,-0.14967466654022,0.191,0.333,0.0236010172610994
"Ttc7b",1.30226951109452e-06,0.160982672099856,0.446,0.38,0.0237820458116081
"Gatad1",1.30689879310899e-06,-0.161410826873839,0.366,0.524,0.0238665857597565
"Nav2",1.31215765818447e-06,0.166878676627787,0.329,0.244,0.0239626231537648
"Ube2s",1.32439831372673e-06,-0.15465957316241,0.304,0.462,0.0241861620052776
"Smad7",1.32727284988917e-06,-0.150373203948011,0.606,0.763,0.0242386567846761
"Tcf23",1.35149602816384e-06,0.108615587458479,0.118,0.054,0.0246810204663281
"Elob",1.35601155352537e-06,-0.125150987964652,0.738,0.874,0.0247634829904802
"Atg101",1.35860003480502e-06,-0.132898944760865,0.149,0.271,0.0248107538356092
"Lama4",1.36502549778127e-06,0.171393367809147,0.398,0.327,0.0249280956404815
"Dym",1.36640494839184e-06,0.139599648566719,0.227,0.149,0.0249532871675317
"Bcap31",1.37110062742112e-06,-0.156438845205565,0.421,0.595,0.0250390396579644
"Mrpl15",1.40612853060589e-06,-0.146790834961698,0.203,0.337,0.0256787192259248
"Pfdn2",1.41475258478957e-06,-0.149949203518026,0.266,0.428,0.0258362117034272
"Ndufb3",1.41494980452494e-06,-0.158636067432396,0.435,0.603,0.0258398133302345
"Xrn1",1.41927360338448e-06,0.163196362566519,0.466,0.38,0.0259187745450074
"Znrf3",1.42663019501154e-06,0.170448234768698,0.376,0.326,0.0260531206213008
"Nsd1",1.45089491666599e-06,0.148881665152494,0.686,0.637,0.0264962429681544
"Map3k3",1.45549124024997e-06,0.163100256186618,0.502,0.421,0.0265801810294449
"Myo1d",1.4576039402233e-06,0.1509036903506,0.697,0.677,0.0266187631563579
"Atp5g2",1.46386928953621e-06,-0.143738402930652,0.626,0.779,0.0267331809655103
"Higd2a",1.4798845586122e-06,-0.160794792637146,0.419,0.576,0.0270256518093759
"Nsmce2",1.48098465213614e-06,0.161752793917936,0.309,0.237,0.0270457417173102
"Rpp25l",1.48791098137241e-06,-0.130117597204196,0.109,0.225,0.0271722303418229
"Pfdn1",1.49521008784988e-06,-0.155296538413729,0.458,0.61,0.0273055266243145
"Lamc1",1.51969708132311e-06,0.164215246807008,0.425,0.358,0.0277527080991227
"Jcad",1.52146966735088e-06,0.0898438347434887,0.944,0.956,0.0277850790651618
"Cops5",1.52890893150932e-06,-0.148090911332412,0.217,0.365,0.0279209349072231
"Hipk1",1.54150887876385e-06,0.158805999233428,0.53,0.463,0.0281510351439855
"Mrps31",1.55557251309165e-06,-0.120646980936795,0.109,0.207,0.0284078652340797
"Tmed9",1.57859898202131e-06,-0.147455999147201,0.539,0.729,0.0288283746096732
"Jagn1",1.58302166840121e-06,-0.123405179273943,0.112,0.227,0.0289091417083428
"Fnip2",1.63403490884371e-06,0.15283868311994,0.306,0.234,0.0298407455053039
"Pdhb",1.63523489062724e-06,-0.143739967792347,0.16,0.285,0.0298626595726346
"Dazap2",1.65142324452482e-06,-0.152783730322899,0.415,0.571,0.0301582912915123
"Pabpc4",1.65885402974799e-06,-0.138842587993113,0.14,0.258,0.0302939922912579
"Rnf126",1.68578318594295e-06,-0.102434411291569,0.067,0.149,0.0307857725416901
"Fndc3a",1.70864328188084e-06,0.164558936650181,0.404,0.34,0.0312032436137079
"Gm37240",1.73457043894233e-06,0.162246829196795,0.284,0.21,0.0316767253559648
"Ndel1",1.73637056639374e-06,-0.155734929952459,0.276,0.438,0.0317095992834825
"Sdhd",1.76281179432909e-06,-0.143019634470704,0.205,0.334,0.0321924689880378
"Ubr5",1.76301396389047e-06,0.159956952947672,0.505,0.448,0.0321961610085677
"Mdh1",1.77505219285765e-06,-0.15347692130178,0.242,0.385,0.0324160031459663
"Myo1e",1.78077353324844e-06,0.153080975230654,0.675,0.656,0.0325204862641829
"Smap1",1.82024071709252e-06,-0.148051848389661,0.536,0.694,0.0332412359755436
"Umad1",1.82053893007073e-06,0.161129502833286,0.245,0.186,0.0332466819409516
"Rab24",1.83083975372227e-06,-0.119365917097168,0.101,0.194,0.0334347955824761
"Pkd1",1.84454533229156e-06,0.142648131670715,0.287,0.194,0.0336850868583086
"Enox2",1.87657107464594e-06,0.171912388938519,0.326,0.259,0.0342699409651842
"Ophn1",1.91199826889017e-06,0.164715377394542,0.419,0.339,0.0349169123864723
"Zfand3",1.91777983543593e-06,0.159678608554867,0.543,0.521,0.035022495354731
"Dok4",1.9295430864542e-06,-0.109172625971006,0.067,0.143,0.0352373158448266
"Lrrc4",1.9552066195519e-06,0.109701571296981,0.121,0.058,0.0357059832862569
"Magoh",1.96221465915056e-06,-0.149501528390591,0.297,0.452,0.0358339641054076
"Atf6",1.97856839412627e-06,0.149322090535408,0.321,0.232,0.0361326160135339
"Atp5g3",1.99225905299854e-06,-0.152818264214696,0.382,0.524,0.0363826348258592
"Rbm33",2.00776896482285e-06,0.152469628936241,0.321,0.242,0.0366658768355948
"Specc1l",2.01184328107359e-06,0.157212384737868,0.525,0.472,0.036740281998966
"Snapc5",2.02665820172308e-06,-0.149535839716322,0.248,0.395,0.0370108320798668
"Ifngr1",2.03468986263987e-06,-0.149592887964003,0.238,0.392,0.0371575062715292
"Bcr",2.03866157053725e-06,0.145684216832267,0.242,0.167,0.0372300376011512
"Nmi",2.03882733999586e-06,-0.154067128915654,0.256,0.408,0.0372330648830044
"Bbip1",2.05129958315405e-06,-0.158336611628341,0.318,0.462,0.0374608329875593
"Emd",2.06342625217917e-06,-0.14636941087108,0.197,0.347,0.037682290217296
"Col4a3bp",2.07039422273029e-06,0.114596918517225,0.868,0.892,0.0378095392955005
"Brms1",2.08104230164402e-06,-0.12580666052492,0.12,0.237,0.038003994512623
"Ndufb9",2.09664898809761e-06,-0.146448740463241,0.537,0.705,0.0382890038206385
"Uty",2.11104511281706e-06,0.143550323997809,0.203,0.123,0.0385519058502652
"Xpr1",2.11562685389297e-06,0.158581768253993,0.498,0.424,0.0386355776057934
"Tpi1",2.11782535091469e-06,-0.158813440917256,0.377,0.541,0.0386757265584041
"Aff1",2.15969541640064e-06,0.160546285136848,0.466,0.39,0.0394403576943086
"Micos13",2.23160433224807e-06,-0.157078436474578,0.3,0.472,0.0407535583155142
"Mfng",2.2454269916964e-06,-0.145866532122737,0.217,0.344,0.0410059877223597
"Tmtc1",2.24776839307429e-06,0.167189760731243,0.441,0.378,0.0410487463943226
"Kif1b",2.26038429626202e-06,0.151367164716761,0.629,0.584,0.041279138018337
"Mrps7",2.26854641247574e-06,-0.138396643513364,0.152,0.297,0.041428194584632
"Polr2m",2.32380079668952e-06,-0.155195195107213,0.379,0.537,0.0424372501491439
"Rnf38",2.32559727413017e-06,0.159009719696176,0.362,0.309,0.0424700574201651
"Crebbp",2.3303617270955e-06,0.143022387733782,0.679,0.653,0.0425570658602181
"Gper1",2.38477679860986e-06,-0.157523597779156,0.157,0.268,0.0435507938962132
"Ccn2",2.38996008990046e-06,-0.13206282708866,0.054,0.153,0.0436454511617622
"Ppp1ca",2.43922339478452e-06,-0.145701800923266,0.523,0.677,0.0445450976355548
"Scai",2.44442478222278e-06,0.140726176628063,0.22,0.143,0.0446400853729524
"Phip",2.47044574713981e-06,0.165227627666416,0.536,0.489,0.0451152802342672
"Eci1",2.51257114255203e-06,-0.142888280658555,0.166,0.292,0.0458845742052852
"Trmt112",2.54189064257235e-06,-0.148001121317242,0.208,0.348,0.0464200069146563
"Tulp4",2.57591192510444e-06,0.158014605382247,0.55,0.493,0.0470413035762573
"Zic2",2.58703840327311e-06,-0.154401126424822,0.298,0.453,0.0472444953205736
"Ankrd11",2.59732381247684e-06,0.134999013754773,0.753,0.732,0.0474323274634521
"Epb41l2",2.61475773124795e-06,0.159525120161621,0.502,0.443,0.0477507056880501
"Mtmr3",2.63011752217509e-06,0.155085584813579,0.396,0.313,0.0480312061899616
"Cdkn2aip",2.70221262547766e-06,-0.129745353217475,0.129,0.251,0.0493478069664731
"Rdh14",2.79501519314563e-06,-0.112340791292009,0.084,0.171,0.0510425674572255
"Cops8",2.80180494306515e-06,-0.138845637903272,0.197,0.334,0.0511665618702557
"Tmod3",2.83664793674423e-06,-0.121051378683264,0.759,0.87,0.0518028646208232
"Farp1",2.87954489097672e-06,0.156987068905778,0.334,0.255,0.0525862487990169
"Fam174a",2.89256419941061e-06,-0.150914190177425,0.309,0.459,0.0528240074096366
"Mfhas1",2.89520421440964e-06,0.1549497404627,0.582,0.55,0.0528722193635489
"Cystm1",3.04194054067922e-06,-0.149193324361693,0.334,0.486,0.0555519181538839
"Bcas2",3.05804116251841e-06,-0.145227765358645,0.323,0.475,0.0558459477099113
"R3hdm1",3.09437400134624e-06,0.158118647161273,0.432,0.358,0.056509458012585
"Ufm1",3.11381284327347e-06,-0.141320444812759,0.196,0.341,0.0568644501438602
"Tbx1",3.16074936521081e-06,-0.161765926055994,0.301,0.419,0.0577216049074798
"Tsix",3.16216840176014e-06,0.126151781521262,0.151,0.079,0.0577475193529437
"Rngtt",3.2214538288088e-06,0.140191971337331,0.252,0.177,0.0588301898217064
"Tmem204",3.27571690840562e-06,-0.145616162427812,0.565,0.704,0.0598211421813034
"Gemin7",3.33099778753186e-06,-0.146096148811494,0.256,0.418,0.0608306815959068
"Cpeb4",3.33334761020899e-06,0.152455067176159,0.337,0.256,0.0608735940576366
"Galnt18",3.34135704394134e-06,0.16754915849773,0.433,0.381,0.0610198623364568
"Cramp1l",3.35343842821702e-06,0.136526092763153,0.236,0.16,0.0612404925760992
"Ctsc",3.36345965497222e-06,-0.135156003224926,0.118,0.214,0.0614235002191026
"Mpdz",3.37355047334392e-06,0.140182118550349,0.241,0.16,0.0616077787442067
"Kti12",3.39205484006588e-06,-0.105082002563956,0.075,0.163,0.0619457054892831
"Pdcd5",3.42385358723783e-06,-0.152124582561057,0.394,0.537,0.0625264142101372
"Etnk1",3.44538424834556e-06,0.159802599874889,0.489,0.421,0.0629196071432867
"Gm20732",3.4628999771743e-06,0.108162720048787,0.121,0.059,0.0632394793831571
"Ddrgk1",3.51789238441426e-06,-0.155487699400208,0.398,0.571,0.0642437507241732
"Kdm3b",3.59114582547516e-06,0.133402561441343,0.231,0.154,0.0655815050648274
"Mkln1",3.59483632398206e-06,0.150314914871152,0.589,0.575,0.0656489009485605
"2310011J03Rik",3.61052001880125e-06,-0.124002178526481,0.123,0.234,0.0659353165833485
"Dap",3.6575647709404e-06,-0.143036666956268,0.202,0.326,0.0667944478469136
"Cebpg",3.70347474545246e-06,-0.153491746572159,0.349,0.516,0.0676328558014527
"Mrps14",3.70814671533467e-06,-0.150770438475428,0.307,0.466,0.0677181753154418
"Cyc1",3.71727290586377e-06,-0.144927438895381,0.266,0.419,0.0678848378068842
"Smn1",3.72256112026973e-06,-0.126715232913115,0.102,0.205,0.0679814111783658
"Ndufa1",3.73838036387336e-06,-0.149242635372359,0.385,0.555,0.0682703022050552
"Cd40",3.76234801298597e-06,-0.0872865188327053,0.034,0.103,0.0687079994131497
"Pwwp3a",3.78754998165463e-06,-0.143146697303962,0.217,0.347,0.0691682377649769
"Bbx",3.80612280365771e-06,0.161053204441089,0.387,0.324,0.069507414640397
"Dnajb9",3.80705007063071e-06,-0.149806178451534,0.28,0.428,0.069524348389858
"Cox8a",3.81104411952248e-06,-0.12012310129788,0.761,0.88,0.0695972877107195
"Timm10b",3.83526097359864e-06,-0.15276910462204,0.312,0.467,0.0700395358998583
"Sh3pxd2a",3.84047769721611e-06,0.143613319151422,0.264,0.178,0.0701348037065605
"Sigmar1",3.85127460200781e-06,-0.112069563059391,0.087,0.187,0.0703319767818666
"Plin3",3.86303489257528e-06,-0.138823585706062,0.194,0.323,0.0705467432082098
"Cd47",3.92734353700899e-06,-0.1370075142281,0.637,0.779,0.0717211476728581
"Ankhd1",3.9707448616984e-06,0.160586325139142,0.489,0.431,0.0725137426643362
"Ap2b1",3.9976003757002e-06,-0.143385467600227,0.55,0.729,0.0730041780610371
"Tcf7l2",4.01849806474361e-06,0.154864916175331,0.331,0.271,0.0733858116583478
"Snx17",4.09033483016612e-06,-0.14396251862991,0.225,0.344,0.0746976946684937
"Psmd11",4.1032144909152e-06,-0.149007747389747,0.407,0.568,0.0749329030330935
"Mettl9",4.13017645079612e-06,-0.144119630367246,0.222,0.358,0.0754252823444387
"Lamtor5",4.14940390780372e-06,-0.144807068843111,0.424,0.596,0.0757764141643116
"Tex14",4.20882433666732e-06,-0.125948423927368,0.062,0.142,0.0768615500362185
"Cdk14",4.2260937046708e-06,0.163772486928578,0.439,0.378,0.0771769232346981
"Eng",4.23980444401831e-06,-0.101005924025525,0.863,0.946,0.0774273087566623
"Abhd18",4.27098905281674e-06,0.120093870692568,0.16,0.081,0.0779968020825394
"Ppp1cc",4.28383373467349e-06,-0.14772403763879,0.307,0.469,0.0782313716626072
"Ifnar2",4.28588446172748e-06,-0.131575842320749,0.682,0.823,0.0782688220400672
"Ube2v2",4.28736004641295e-06,-0.14991947416186,0.286,0.431,0.0782957691675933
"Nae1",4.3224679413085e-06,-0.14087527306569,0.224,0.356,0.0789369095441759
"Pcp4l1",4.3852038458865e-06,-0.10060510960052,0.866,0.943,0.0800825926335792
"Rictor",4.44784823134128e-06,0.153229274234472,0.533,0.489,0.0812266044007545
"Smurf2",4.57633017822506e-06,0.153616996772448,0.556,0.506,0.083572941714746
"Rpl22l1",4.6024386504443e-06,-0.149178200975259,0.45,0.598,0.0840497346344138
"Echs1",4.74301373735075e-06,-0.138402758121856,0.18,0.293,0.0866169168714994
"Mrpl9",4.76633895250541e-06,-0.138611345961775,0.177,0.316,0.0870428819506537
"Ric8b",4.98339865236628e-06,0.125948059978637,0.199,0.13,0.091006826189513
"Zcchc9",5.00315585943234e-06,-0.130214519570345,0.138,0.252,0.0913676323049534
"Ndufaf7",5.02113348745737e-06,-0.149736736536453,0.272,0.405,0.0916959397479465
"Nol7",5.0225746126633e-06,-0.148791141248767,0.489,0.643,0.0917222575764572
"Gm48226",5.0352149731683e-06,-0.107442412971944,0.065,0.153,0.0919530958399995
"Mrps30",5.04763392120608e-06,-0.104375572916861,0.065,0.156,0.0921798906690654
"Rab5a",5.09656828674218e-06,-0.144294822769873,0.387,0.534,0.0930735300524857
"Jarid2",5.15993654544029e-06,0.153876205112184,0.402,0.333,0.0942307611928306
"Canx",5.18672084288197e-06,0.139118178039486,0.708,0.667,0.0947198960327105
"Tmed5",5.25781634280392e-06,-0.150245007490624,0.415,0.558,0.0960182420522852
"Med21",5.28610601558408e-06,-0.142665066493341,0.253,0.402,0.0965348680565965
"Rora",5.28614980897456e-06,0.16226126370945,0.54,0.484,0.0965356678114934
"Rab11b",5.31210067044962e-06,-0.146910444447623,0.424,0.588,0.0970095824437509
"Pnn",5.31691168294542e-06,-0.152253040658178,0.377,0.511,0.0970974411539492
"Ube2e3",5.31801800424811e-06,-0.147580221193923,0.287,0.438,0.0971176447935789
"Tpst2",5.32149039921652e-06,-0.14046323669001,0.203,0.337,0.0971810576704921
"Dpm1",5.37504356272313e-06,-0.146886737428097,0.301,0.45,0.0981590455424498
"Med9",5.46665753810719e-06,-0.118228610802598,0.115,0.228,0.0998320999609135
"Slc35b1",5.48677119694845e-06,-0.137496636262842,0.197,0.319,0.100199415598673
"Washc1",5.50903730830469e-06,-0.0966533310111528,0.059,0.135,0.10060603932426
"Tmem245",5.51854982309439e-06,0.158247631940009,0.483,0.435,0.10077975686935
"Ube4b",5.52352380650712e-06,0.143513737044543,0.261,0.203,0.100870591754433
"Eef2",5.52768056200528e-06,-0.118737493198241,0.745,0.86,0.10094650242334
"Cav1",5.54403013722351e-06,-0.149287567910788,0.559,0.684,0.101245078365976
"Pdlim2",5.61959585997303e-06,-0.13013509499654,0.14,0.244,0.102625059594827
"Tnfsf13",5.73423227365312e-06,-0.130340960026723,0.14,0.256,0.104718549781453
"Emc7",5.78812660690843e-06,-0.147393272160442,0.429,0.595,0.105702768095362
"Necap2",5.86099592834054e-06,-0.133763736870368,0.186,0.316,0.107033507643355
"Pls3",5.88272565055179e-06,-0.129939799765385,0.691,0.83,0.107430335830377
"Ethe1",5.99022592023385e-06,-0.100230074221866,0.064,0.154,0.109393505755311
"Nbdy",6.04028110263512e-06,-0.142250996876234,0.252,0.391,0.110307613496322
"Glrx3",6.10200755094611e-06,-0.146317859791899,0.301,0.45,0.111434861895378
"Cbl",6.16450482046082e-06,0.151731411012879,0.422,0.344,0.112576187031256
"Megf6",6.18059231971805e-06,0.145982851512738,0.284,0.193,0.112869976942691
"Runx1t1",6.2776456692733e-06,0.154457814176396,0.301,0.238,0.114642365212269
"Isca2",6.28834568469416e-06,-0.124246071095434,0.144,0.256,0.114837768893885
"Trim16",6.2979803189713e-06,-0.147402738675855,0.225,0.38,0.115013716585054
"Ndufb5",6.30547181773349e-06,-0.148651901349209,0.376,0.544,0.115150526335449
"Cetn2",6.32372346176794e-06,-0.151169610289469,0.28,0.419,0.115483837858806
"Pet100",6.33583032754721e-06,-0.136605957538473,0.183,0.329,0.115704933441667
"Fis1",6.34703441565283e-06,-0.143256147409179,0.48,0.637,0.115909542498652
"Lef1",6.37118000478214e-06,0.103693090476864,0.884,0.919,0.116350489247332
"Lsm5",6.41420034961565e-06,-0.132117569865591,0.186,0.319,0.117136126784681
"Cct2",6.54986561524346e-06,-0.146298081811908,0.349,0.511,0.119613645865576
"Twf2",6.59092711475446e-06,-0.14082127203264,0.199,0.334,0.120363510969646
"Pgp",6.62234001479184e-06,-0.141884940963298,0.247,0.388,0.120937173350129
"Kank2",6.6262337980715e-06,0.147688107973289,0.346,0.275,0.121008281620382
"Tpm1",6.65578641713398e-06,-0.13036305294878,0.657,0.797,0.121547971549701
"Bbs9",6.656347323015e-06,0.141051394693408,0.262,0.177,0.1215582148129
"Efna1",6.75448521136884e-06,-0.144716779868743,0.253,0.39,0.123350408930018
"Golga7",6.75491914663732e-06,-0.135050069017426,0.211,0.357,0.123358333455891
"Guk1",6.78787674559932e-06,-0.136316710623424,0.22,0.358,0.123960205128135
"Tet2",6.92929628634776e-06,0.137920692257904,0.256,0.181,0.126542808781283
"Mrps23",6.93602212814857e-06,-0.113350866437784,0.115,0.21,0.126665636104249
"Tnpo1",6.98757664097681e-06,0.148445008337968,0.401,0.326,0.127607124617518
"Hs3st1",7.04551039921497e-06,-0.132435011652858,0.14,0.251,0.128665110910464
"Myo18a",7.07128677745313e-06,0.150315345818486,0.368,0.293,0.129135839129849
"Arf4",7.13101104530839e-06,-0.143980850571082,0.422,0.592,0.130226523709422
"Rsrc1",7.14294589164367e-06,0.158121716933702,0.452,0.411,0.130444477873197
"Cmtm8",7.28834816906506e-06,-0.148829223172735,0.453,0.626,0.133099814263466
"Senp2",7.37325701573632e-06,0.130596774427419,0.244,0.166,0.134650419621377
"Uvrag",7.39518015676061e-06,0.151861830289552,0.475,0.419,0.135050780022762
"A330023F24Rik",7.40441637637723e-06,0.13861369112174,0.253,0.178,0.135219451865401
"Znrd1",7.61059405936194e-06,-0.140322871127448,0.238,0.37,0.138984668712068
"Mien1",7.65347063478946e-06,-0.13524191682397,0.185,0.316,0.139767680732525
"Mtfr1l",7.76682177068767e-06,-0.126160654362018,0.152,0.275,0.141837699176298
"Sh3bp4",7.78997802323331e-06,0.148378791701956,0.441,0.373,0.142260578660287
"Rala",7.82411029857874e-06,-0.14383947455887,0.446,0.601,0.142883902272645
"March3",7.9103665486239e-06,0.160543020710411,0.273,0.227,0.14445911391097
"Psmc5",7.92189340256442e-06,-0.144380262577147,0.337,0.49,0.144669617317631
"Plp1",7.94239516405969e-06,-0.105447721342882,0.037,0.125,0.145044020486058
"Aspscr1",7.97614369590055e-06,-0.138037277192048,0.202,0.319,0.145660336174536
"Otud7b",7.99438279771867e-06,0.149796173157681,0.41,0.34,0.145993418651938
"Acads",8.14194859122939e-06,-0.10953833802442,0.087,0.177,0.148688265173031
"Mrps17",8.25311390700893e-06,-0.136452445537928,0.183,0.317,0.150718366169797
"Tmem109",8.33012679232004e-06,-0.139402750559802,0.252,0.387,0.152124775481349
"Mcm9",8.33099222978687e-06,0.106814581447368,0.138,0.078,0.152140580100368
"Map2k5",8.43074885772552e-06,0.140439384920494,0.304,0.238,0.153962335639783
"Tcf20",8.43726044718463e-06,0.147818840654856,0.301,0.242,0.154081250286486
"Supt3",8.46633838806577e-06,0.138602527299407,0.236,0.176,0.154612271642857
"Ostc",8.77276451514816e-06,-0.142891221650878,0.253,0.39,0.160208225575636
"Frg1",8.77283916017763e-06,-0.148291060882646,0.365,0.513,0.160209588743164
"Armh3",8.78068995558055e-06,0.137899786951994,0.236,0.164,0.160352959968812
"Slfn2",8.90065738501083e-06,-0.146625768531929,0.177,0.302,0.162543805165068
"Fbxw11",8.91007656111294e-06,0.147013506282796,0.377,0.303,0.162715818159045
"Brwd1",8.92187171611757e-06,0.145857454018029,0.345,0.271,0.162931221279739
"Trappc3",9.10368037911214e-06,-0.136041415952381,0.205,0.33,0.166251411083346
"Plin2",9.11413455392682e-06,-0.134740013968395,0.196,0.326,0.166442325223812
"Nr1h2",9.14065818539132e-06,-0.127083889986226,0.174,0.293,0.166926699781616
"Hmg20b",9.2004923365331e-06,-0.147417858012562,0.46,0.608,0.168019391049768
"Ndufa5",9.20052107363605e-06,-0.146368327484789,0.398,0.538,0.168019915846742
"Camsap2",9.32200399106519e-06,0.145481615132295,0.377,0.305,0.170238436884832
"Synpo",9.35138028732696e-06,0.10161186362349,0.106,0.052,0.170774906807165
"Rab5c",9.43305792049029e-06,-0.141797718716908,0.399,0.565,0.172266503743994
"Atp5md",9.46039171174238e-06,-0.145057694640647,0.408,0.575,0.172765673439839
"Myo10",9.58822072888074e-06,0.12810079024258,0.767,0.788,0.17510008695082
"Egln2",9.70306802418199e-06,-0.136195505049669,0.197,0.329,0.177197428257611
"Ctsd",9.70381862149842e-06,-0.146661935564909,0.466,0.619,0.177211135665804
"Kbtbd11",9.79189747892418e-06,0.151059294232391,0.348,0.276,0.178819631760113
"Ddx24",9.82669075094464e-06,-0.14160989807699,0.469,0.623,0.179455026493751
"Trerf1",9.91496868881972e-06,0.111741993674698,0.144,0.079,0.181067158195226
"Rab43",1.00498153837781e-05,0.134345336308459,0.245,0.171,0.183529728538556
"Mrpl58",1.01503242932072e-05,-0.135035947833126,0.185,0.305,0.18536522224255
"Cttnbp2",1.01883161798167e-05,0.128108225137183,0.197,0.123,0.186059030075813
"Rce1",1.03306033625002e-05,-0.111839032331991,0.113,0.208,0.188657478605978
"Tapbp",1.04266221648559e-05,-0.14806542522348,0.362,0.513,0.190410973974598
"Inpp5a",1.05120540654018e-05,0.128813789888134,0.224,0.154,0.191971131342368
"Usp34",1.05604589030417e-05,0.132380653321721,0.703,0.701,0.192855100487347
"Srcap",1.05922798066836e-05,0.14189054763557,0.323,0.251,0.193436213829656
"Airn",1.06208041434085e-05,0.132143045449502,0.118,0.065,0.193957125266926
"Cp",1.06384048377054e-05,0.151599466441708,0.696,0.686,0.194278549146176
"Rnasek",1.08874663601505e-05,-0.143734515620972,0.488,0.636,0.198826910669069
"2410006H16Rik",1.10298644751442e-05,-0.122111912972678,0.116,0.228,0.201427385045083
"Anp32b",1.10370435583554e-05,-0.141269259791127,0.497,0.633,0.201558489462686
"Pak1ip1",1.11102277816356e-05,-0.143330265437091,0.387,0.55,0.20289497974823
"Mrfap1",1.13081119514026e-05,-0.134845474470684,0.557,0.724,0.206508740456514
"Fam91a1",1.13519907012985e-05,0.114274690322652,0.174,0.108,0.207310054187114
"Sdf2",1.1439828867986e-05,-0.140411314583553,0.242,0.381,0.20891415478716
"Dst",1.14583890969917e-05,0.140098661567002,0.7,0.678,0.209253101689263
"Snx10",1.14766965131222e-05,0.134072739033984,0.236,0.161,0.209587431722638
"Pdia3",1.15879901542738e-05,-0.11757015774596,0.741,0.857,0.211619876197349
"Ddi2",1.16497714424278e-05,0.144386811596569,0.356,0.275,0.212748126081617
"Nsmce4a",1.17113369470143e-05,-0.140479426678202,0.264,0.418,0.213872435326374
"Mrpl24",1.17158787960064e-05,-0.136141239093202,0.238,0.382,0.213955378572668
"Cdk13",1.17448238894391e-05,0.146872953737853,0.463,0.401,0.214483973868938
"Glcci1",1.17822949315039e-05,0.149789038877718,0.331,0.268,0.215168270039125
"Afg1l",1.19933830326561e-05,0.127971775413863,0.207,0.13,0.219023160942365
"Ppid",1.20568336984816e-05,-0.137420743678089,0.23,0.367,0.220181897001672
"Rap1a",1.22438421348079e-05,-0.131901798392063,0.62,0.782,0.223597045065862
"Chd2",1.23164999491901e-05,0.151540233952424,0.388,0.319,0.224923922072109
"Mrpl19",1.25145239439865e-05,-0.100618055318914,0.057,0.135,0.228540236265082
"Snhg8",1.25523295700172e-05,-0.124337826039504,0.137,0.246,0.229230642607654
"Mpc1",1.25893028559064e-05,-0.142563221080953,0.335,0.482,0.229905848754563
"Tmem246",1.26167746584785e-05,-0.10758379821749,0.081,0.177,0.230407538813134
"Uqcc3",1.2621398720642e-05,-0.136834959353707,0.259,0.399,0.230491983436365
"Vamp3",1.26918521726079e-05,-0.141405994783881,0.385,0.54,0.231778604376165
"Fam222b",1.27448293995485e-05,0.142639726327823,0.312,0.258,0.232746074494555
"St6galnac4",1.30322609016913e-05,-0.0887359105139879,0.05,0.122,0.237995148586686
"AI837181",1.30630742950484e-05,-0.117577529927433,0.134,0.244,0.238557862776174
"Gt(ROSA)26Sor",1.32087968799252e-05,-0.11564885397105,0.093,0.188,0.241219048621195
"Rrp7a",1.33722755503061e-05,-0.100701607720137,0.078,0.159,0.24420449609969
"Cln5",1.3420324957851e-05,-0.117829887497474,0.116,0.218,0.245081974380276
"Ankrd44",1.3463952688703e-05,0.135777405058743,0.276,0.195,0.245878704001095
"Kdm4c",1.35106168187039e-05,0.146922718104591,0.419,0.347,0.246730884343171
"Hmgn1",1.35448985331929e-05,-0.141719117451676,0.505,0.636,0.247356937013169
"Mrtfb",1.35864385295005e-05,0.127117644757736,0.747,0.766,0.248115540425738
"Hypk",1.36122070331268e-05,-0.132355996639303,0.22,0.348,0.248586124838962
"Usp9x",1.37453762477556e-05,0.146309915367046,0.519,0.476,0.251018061036512
"Notum",1.413140066235e-05,-0.138941409447297,0.199,0.314,0.258067638895836
"Prdx6",1.42907469435647e-05,-0.135098222967024,0.208,0.339,0.260977620683379
"Rps6ka3",1.43763902539029e-05,0.143010710708596,0.612,0.589,0.262541638816774
"Mrpl41",1.43775005505882e-05,-0.122029113180983,0.141,0.252,0.262561915054842
"Gps2",1.43792116138177e-05,-0.137406087693502,0.301,0.448,0.262593162491539
"Hp1bp3",1.45122154337793e-05,-0.141010264924974,0.453,0.586,0.265022078251677
"Scmh1",1.46015724209448e-05,0.154334536976555,0.457,0.402,0.266653915551294
"Pkm",1.46518842474801e-05,-0.129128318867958,0.648,0.788,0.267572710127481
"Eif4e",1.46722676200176e-05,-0.136244198045256,0.231,0.381,0.267944951276761
"0610012G03Rik",1.47151325162388e-05,-0.137949036211061,0.27,0.412,0.268727750011553
"Psmb5",1.47822552584032e-05,-0.138313642926978,0.441,0.596,0.269953545528959
"Wdr1",1.48485317086878e-05,-0.139049139902978,0.267,0.405,0.271163886064057
"BC052040",1.48843459533907e-05,0.120184887526033,0.14,0.091,0.271817925800821
"Dnmt3a",1.49715128776505e-05,0.134297797490654,0.262,0.193,0.273409768171653
"Ypel3",1.49987061333623e-05,-0.14301011915305,0.34,0.486,0.273906371407461
"Nosip",1.53950881403508e-05,-0.126647020576123,0.149,0.275,0.281145099619086
"Def6",1.56838440312067e-05,-0.129097228392364,0.193,0.313,0.286418359697897
"Eml6",1.57488839446655e-05,0.155017624817952,0.362,0.295,0.287606118597482
"Ntan1",1.5868734956387e-05,-0.134681755742505,0.275,0.429,0.28979483777354
"H2-T22",1.58922615269913e-05,-0.130088368589655,0.196,0.322,0.290224480005914
"Inka1",1.60104166805068e-05,-0.121858705811978,0.126,0.231,0.292382229419415
"Sgta",1.62328425328629e-05,-0.129868484386426,0.177,0.317,0.296444170335142
"Rbp1",1.63983203069207e-05,-0.115046458724461,0.07,0.154,0.299466125444985
"Eno1",1.64046917978946e-05,-0.121611180801109,0.157,0.268,0.299582481613152
"Fkbp15",1.66345891314219e-05,0.132740636774785,0.272,0.188,0.303780866718027
"Ddx21",1.69229388158534e-05,-0.146978735766378,0.293,0.424,0.309046708655115
"Smdt1",1.7387951021989e-05,-0.130245361856152,0.61,0.737,0.317538761563562
"Lap3",1.75807207228193e-05,-0.138797583153006,0.244,0.351,0.321059121840125
"Tmem140",1.77002641693438e-05,-0.138208747128174,0.256,0.394,0.323242224260557
"Ei24",1.81064623289741e-05,-0.136507279212374,0.248,0.392,0.330660215051724
"Setd2",1.81890274539116e-05,0.14344314869911,0.446,0.39,0.332168019363334
"Txndc12",1.81894351325898e-05,-0.119953178481702,0.165,0.275,0.332175464391354
"Smim12",1.82230830223307e-05,-0.118588425737198,0.148,0.251,0.332789942153803
"Gfod1",1.83165282804965e-05,0.131597391515962,0.231,0.171,0.334496439458428
"Anapc13",1.83641969585008e-05,-0.135466829008613,0.225,0.358,0.335366964856141
"Cdk9",1.8414242439941e-05,-0.127767728411728,0.182,0.314,0.336280895438202
"Dnpep",1.84268658932701e-05,-0.125636712541548,0.163,0.283,0.336511424942898
"Scaf8",1.85315404887007e-05,0.144613491547476,0.443,0.382,0.338422992404652
"Srarp",1.86099197403477e-05,-0.134338356939788,0.648,0.792,0.33985435429823
"Tmem164",1.86869512323691e-05,0.121745442227684,0.186,0.126,0.341261103405525
"Csnk1g1",1.8705057463553e-05,0.141325746360177,0.373,0.317,0.341591759399405
"Nf1",1.88760485555695e-05,0.146191742250789,0.374,0.3,0.34471439872181
"Akap13",1.90527015596884e-05,0.128242583883466,0.734,0.727,0.34794043588303
"Txnip",1.91754263961288e-05,-0.143250404456525,0.502,0.669,0.350181636846104
"Nfe2l2",1.92002076441555e-05,-0.140045005450583,0.407,0.559,0.350634191997568
"Atrn",1.95383761571365e-05,0.136231280857794,0.312,0.239,0.356809825381627
"Ip6k1",1.95422143697303e-05,0.141619742822099,0.359,0.297,0.356879918820015
"Ormdl3",1.96112341568269e-05,-0.133006799343187,0.224,0.351,0.358140358171973
"C2cd5",1.9819930999429e-05,0.11347723091831,0.148,0.091,0.361951579911573
"Akirin2",1.98886284914799e-05,-0.135197817424602,0.3,0.445,0.363206133511406
"Ncoa6",1.99447260933856e-05,0.13894237815256,0.329,0.252,0.364230587917408
"Tmed10",2.00794052638397e-05,-0.107580255995623,0.775,0.88,0.36669009892824
"Atp6ap2",2.01258909058364e-05,-0.121398659664989,0.168,0.288,0.367539019722384
"Cwc15",2.03520221961066e-05,-0.138473565220092,0.449,0.609,0.371668629345298
"Ilrun",2.03766372426436e-05,0.141654305787139,0.435,0.364,0.372118149325158
"Ttc37",2.04093522938084e-05,0.121423978145028,0.197,0.127,0.372715591589529
"Ptges3",2.04094894685302e-05,-0.129302219140665,0.596,0.717,0.372718096674298
"Dad1",2.04612532152023e-05,-0.134087359634659,0.53,0.693,0.373663406216024
"Cct8",2.0618130636656e-05,-0.139535243892239,0.365,0.513,0.376528301686612
"Cpne8",2.07239654991567e-05,0.14451887175848,0.564,0.533,0.3784610579456
"Rab11fip3",2.15224624819751e-05,0.121621870421135,0.214,0.137,0.393043209845829
"Shroom2",2.15983393477897e-05,0.139104433656192,0.278,0.205,0.394428873169335
"Pomp",2.16389859754228e-05,-0.105299096268738,0.795,0.907,0.395171161883171
"Foxl2",2.18500860521114e-05,-0.129455423476812,0.203,0.324,0.399026271483658
"Kdm6a",2.18926882755337e-05,0.147092358012797,0.435,0.382,0.399804273287796
"Anapc16",2.20155542091866e-05,-0.138620211157765,0.366,0.507,0.402048050968166
"Arhgef9",2.2026037557117e-05,0.111770385967094,0.157,0.096,0.40223949786807
"Afdn",2.25322174225073e-05,0.106225671557076,0.829,0.834,0.411483354569829
"Lhfpl2",2.26023190198745e-05,0.146950160391187,0.484,0.438,0.412763549940947
"Clec14a",2.27846424835448e-05,-0.143040278933609,0.329,0.48,0.416093141034495
"Nudt9",2.30346434140628e-05,-0.11867119476207,0.158,0.269,0.420658658027616
"Zfp358",2.31123491342689e-05,-0.115110154447679,0.11,0.214,0.422077719890019
"Sap130",2.32076730947774e-05,0.1197375898413,0.197,0.129,0.423818526056824
"Sec61b",2.33020616730453e-05,-0.138252398165814,0.41,0.559,0.425542250273152
"Epb41l4a",2.33203154432023e-05,0.143756951144402,0.283,0.22,0.42587560062376
"Mbnl2",2.33289813599864e-05,0.135267358883709,0.64,0.613,0.426033857596071
"Rbbp4",2.35547549646221e-05,-0.134657833973831,0.411,0.571,0.430156935163928
"Spen",2.37785417876088e-05,0.143221517176339,0.455,0.404,0.434243730125312
"Swi5",2.39044787380029e-05,-0.1337110103501,0.488,0.647,0.436543590713409
"Srsf5",2.4080970879592e-05,0.132271719038243,0.632,0.593,0.439766690203109
"Rp9",2.44948588566999e-05,-0.139423561594418,0.332,0.465,0.447325112441054
"Man1a",2.46230463637317e-05,0.144846081754838,0.317,0.259,0.449666072694469
"Aopep",2.49663929515622e-05,0.144554900522066,0.534,0.499,0.455936268081429
"Dot1l",2.50531041577174e-05,0.10464354461839,0.149,0.086,0.457519788128235
"Cyb5a",2.50888839282046e-05,-0.136034667406262,0.461,0.616,0.458173198296872
"Cdyl",2.51388851100019e-05,0.123042363950883,0.222,0.16,0.459086319878856
"1110038F14Rik",2.51667411490188e-05,-0.136128341924156,0.252,0.385,0.459595026863382
"Mrps12",2.53106153039263e-05,-0.123617068870868,0.172,0.293,0.462222456680301
"Faim",2.53234070585025e-05,-0.134985096696521,0.217,0.341,0.462456059702373
"Wars2",2.54563195227132e-05,0.111625331320728,0.14,0.085,0.464883307123788
"Mrpl34",2.55684732081147e-05,-0.12990956104232,0.203,0.32,0.466931457726591
"Ssbp2",2.55698109546458e-05,0.117398467896724,0.169,0.101,0.466955887653741
"Med13",2.57789775671928e-05,0.141908621575826,0.452,0.394,0.470775688332075
"Ndufab1",2.58404424986082e-05,-0.13692922500025,0.351,0.493,0.471898160909582
"Tmem135",2.61488215765643e-05,0.127110456304965,0.258,0.197,0.477529779631217
"Tsfm",2.61936933103582e-05,-0.0909404291235865,0.065,0.147,0.478349227233762
"Hist1h4d",2.62291535913431e-05,-0.137414033693598,0.242,0.384,0.478996802885108
"Samd1",2.62753646458531e-05,-0.0933200428384459,0.065,0.144,0.479840709162569
"Prpf38a",2.63498250119565e-05,-0.119341826215289,0.137,0.255,0.48120050436835
"Gm47167",2.64010279056991e-05,0.109608544796389,0.157,0.091,0.482135571613877
"Exosc4",2.69402262843527e-05,-0.113218790037348,0.126,0.227,0.49198241240485
"Pmpcb",2.70262603628053e-05,-0.113013346006353,0.144,0.252,0.49355356674555
"Ddx46",2.70849705202311e-05,0.139508012977039,0.433,0.353,0.494625731640461
"Rbm26",2.74209418471563e-05,0.141753661290803,0.435,0.388,0.500761240012768
"Ccnyl1",2.75155404783641e-05,0.133586968952035,0.283,0.228,0.502488800215886
"Cldnd1",2.7591267644954e-05,-0.132361027449202,0.224,0.36,0.503871729732151
"Gse1",2.77987211404946e-05,0.135126590246319,0.354,0.296,0.507660245467713
"Tet3",2.78521149776734e-05,0.133145959407305,0.307,0.252,0.508635323722272
"Rpain",2.80600159741023e-05,-0.102383119620565,0.098,0.186,0.512432011719056
"Hdac8",2.80863046156684e-05,0.154446017489168,0.314,0.271,0.512912094891337
"Chd7",2.82622920972155e-05,0.12327188844265,0.236,0.163,0.51612597827935
"Tmem115",2.83554049123408e-05,-0.101441488780175,0.099,0.191,0.517826404509167
"Acvr2a",2.84866554513329e-05,0.128906723610994,0.252,0.19,0.520223301852242
"Far2",2.85358539726668e-05,0.151363124966364,0.477,0.449,0.521121765248841
"Skp1a",2.88098827724322e-05,-0.132587843940752,0.439,0.592,0.526126079190157
"Oxr1",2.89178481707452e-05,0.147367350254612,0.525,0.499,0.528097743294148
"Scaf4",2.90030309453787e-05,0.127612066104264,0.269,0.193,0.529653351124506
"Ets1",2.90741148804657e-05,0.112295815450958,0.817,0.836,0.530951485947064
"Smg6",2.9293943187749e-05,0.14308301830708,0.519,0.486,0.534965990494672
"Tnks",2.93251754536196e-05,0.137374904413319,0.377,0.299,0.535536354134
"Socs2",2.93539455671227e-05,-0.139286128451743,0.259,0.385,0.536061753946795
"Sod2",2.95300420962211e-05,-0.129593162734338,0.238,0.381,0.53927762876119
"Ube2a",2.99044329703273e-05,-0.117159155067943,0.14,0.245,0.546114754904117
"Cep350",3.0147601571559e-05,0.138741053014562,0.505,0.456,0.550555499899811
"Mis18a",3.06384331879033e-05,-0.0915269127140346,0.067,0.146,0.559519066877491
"Arhgap35",3.07617788864793e-05,0.122075733612517,0.224,0.159,0.561771606024884
"Fam133b",3.09000888894801e-05,-0.137324824026682,0.224,0.334,0.564297423299685
"Med8",3.09451276296565e-05,-0.122004284159841,0.18,0.285,0.565119920772787
"Zfp422",3.09644870968869e-05,-0.124102581467531,0.207,0.326,0.565473463363348
"Ddx54",3.09714153862907e-05,-0.128243766448258,0.22,0.35,0.56559998778444
"Pip4p1",3.10272511845677e-05,-0.110871593983404,0.121,0.22,0.566619661132575
"Lars2",3.11386046561633e-05,-0.0893048508415724,0.887,0.963,0.568653198230855
"Sirt2",3.16561956996189e-05,-0.133147946754353,0.25,0.371,0.57810544586644
"Larp7",3.20189896108833e-05,-0.131812593109232,0.18,0.28,0.584730788273952
"Ngrn",3.20217271674082e-05,-0.114248280813652,0.134,0.231,0.584780781531209
"Dpm3",3.20403189899274e-05,-0.138248868745444,0.359,0.5,0.585120305394054
"Ino80e",3.24215655662468e-05,-0.100687349072892,0.085,0.167,0.592082630370799
"Kif16b",3.27775578748897e-05,0.121973188598589,0.242,0.167,0.598583761911235
"Ndufaf4",3.28913245907129e-05,-0.116542145623726,0.135,0.229,0.600661369675599
"Vps8",3.29303013453044e-05,0.110309863610547,0.183,0.11,0.601373163167949
"Rnf213",3.32977786280976e-05,0.143933644265846,0.415,0.358,0.608084033306318
"Ccdc174",3.33329858762542e-05,-0.126678312492846,0.183,0.288,0.608726988072154
"Cnpy2",3.34373271411637e-05,-0.133895139790124,0.311,0.452,0.610632468251932
"Atp11c",3.34816639670614e-05,0.141599232760025,0.531,0.506,0.611442147366475
"Rsl1d1",3.3490003499123e-05,-0.129640602603442,0.199,0.324,0.611594443900983
"Nop10",3.35485241111485e-05,-0.136990065505521,0.349,0.489,0.612663147317795
"Rab9",3.36270961288296e-05,-0.122988516111833,0.179,0.306,0.614098029504687
"Psmb3",3.38321099241251e-05,-0.13368017814941,0.45,0.626,0.617841991434373
"Lxn",3.39398444129351e-05,-0.11779445881369,0.138,0.239,0.61980943866902
"Swap70",3.4024311422375e-05,-0.131158710565023,0.542,0.684,0.621351975195412
"Ago3",3.40344324374001e-05,0.137846820196714,0.323,0.266,0.6215368051718
"Srgap1",3.40535074688634e-05,0.140967358557249,0.365,0.305,0.621885153396384
"Nt5dc1",3.42389920374542e-05,0.122863271132478,0.217,0.156,0.625272472587989
"Ppt1",3.4325205241045e-05,-0.128208110618364,0.197,0.314,0.626846898111963
"Isca1",3.43888183283934e-05,-0.0999113353849486,0.079,0.167,0.62800860031312
"Arsb",3.45184279636877e-05,0.108055598851949,0.143,0.088,0.630375531472866
"Kdm7a",3.47620633066797e-05,0.141538267471,0.374,0.319,0.634824800106585
"Arel1",3.48060896660908e-05,0.0996264800513653,0.143,0.088,0.63562880948215
"Rsl24d1",3.48258308526266e-05,-0.116287348985965,0.146,0.249,0.635989323030666
"Psmd12",3.49655280655e-05,-0.13674250686941,0.36,0.507,0.638540473532161
"Pcnx",3.49739746318543e-05,0.136500724848494,0.576,0.54,0.638694724726923
"Smurf1",3.52767908711766e-05,0.120290795536114,0.242,0.169,0.644224754889427
"Wwc2",3.56125001589326e-05,0.118405511872439,0.734,0.734,0.650355477902427
"Osmr",3.56429151414931e-05,0.143566387903983,0.47,0.421,0.650910916313947
"Gm20275",3.56610251934739e-05,0.112143559349253,0.149,0.098,0.651241642083221
"Crim1",3.5754204295944e-05,0.140550663566944,0.579,0.538,0.65294327885253
"Nfu1",3.64790498303154e-05,-0.118447226921833,0.193,0.309,0.66618040800122
"Aktip",3.65412667688143e-05,-0.121121403748689,0.174,0.295,0.667316613732088
"Lemd3",3.69422507369894e-05,0.11579613735259,0.203,0.139,0.6746393829589
"Txndc9",3.70005494978657e-05,-0.128277987076592,0.293,0.422,0.675704034930023
"Cfap20",3.73392346854584e-05,-0.114621576999753,0.115,0.222,0.681889103825841
"Dnajb6",3.76963227868222e-05,-0.134979090393813,0.475,0.616,0.688410246732947
"Ptpmt1",3.78928696735466e-05,-0.117536421043099,0.132,0.249,0.691999585978308
"Pigp",3.88239201499668e-05,-0.130793230957289,0.23,0.356,0.709002429778693
"Rhbdd1",3.90404922403598e-05,0.115831405346705,0.163,0.102,0.71295746929345
"Gm20631",3.90545238634976e-05,0.112731714641891,0.12,0.068,0.713213714795192
"Sec11a",3.95678927964771e-05,-0.130292513865147,0.306,0.443,0.722588858249265
"Slc35e4",4.03134998559823e-05,-0.101455020692714,0.092,0.178,0.736205134369949
"Kpnb1",4.04339583973337e-05,0.12985833310263,0.307,0.237,0.738404948252108
"Psmg4",4.11903363186899e-05,-0.114479595757877,0.118,0.232,0.752217921851916
"Fam76a",4.12570226429805e-05,-0.134649109568292,0.43,0.547,0.753435747506109
"Rars",4.13811716935038e-05,-0.121042761324737,0.18,0.285,0.755702957466766
"Arid2",4.14054990783707e-05,0.13673417112419,0.41,0.35,0.756147224169207
"Tap1",4.14691703919453e-05,-0.0996259589242861,0.09,0.173,0.757309989697705
"Cib1",4.19677684013305e-05,-0.11502873585686,0.151,0.259,0.766415386545097
"Tbxa2r",4.20103649397299e-05,-0.100164715654171,0.071,0.157,0.767193284529348
"Plekhm3",4.21252469101083e-05,0.106869089015963,0.146,0.084,0.769291259072398
"Usp18",4.21844736162476e-05,-0.123458124647345,0.155,0.245,0.770372857179913
"Cthrc1",4.24388330880296e-05,-0.134001729154602,0.196,0.316,0.775017969853597
"Stard9",4.25055483532506e-05,0.136050336944747,0.339,0.266,0.776236324027062
"Arhgef1",4.25177459617497e-05,-0.132668186234432,0.312,0.453,0.776459076753474
"Nudt14",4.28208276823637e-05,-0.107168200706376,0.104,0.198,0.781993955135326
"Fkbp1a",4.2867834487935e-05,-0.122153157202594,0.649,0.805,0.782852393418669
"Gm4258",4.33786112096876e-05,0.12726214355269,0.172,0.125,0.792180197911315
"Npnt",4.33994725896987e-05,-0.111428203767358,0.082,0.163,0.792561168433077
"Ube2j2",4.35435796395987e-05,-0.122421169177064,0.202,0.327,0.795192851378352
"Foxj3",4.47176633301395e-05,0.119450356854692,0.227,0.167,0.816633967735007
"Pbx3",4.4749910796806e-05,0.146404801866196,0.283,0.232,0.817222870971271
"Zeb2",4.52103899166924e-05,0.14141801914711,0.332,0.271,0.825632140658636
"Piezo1",4.52214601070719e-05,0.135789531232771,0.411,0.339,0.825834304475347
"Snrpd1",4.58368999216913e-05,-0.130452838340737,0.331,0.473,0.837073466369926
"Suclg1",4.72947536553041e-05,-0.127860945618764,0.259,0.402,0.863696791253164
"Nbas",4.75278330250859e-05,0.119081284667695,0.225,0.163,0.867953286704118
"Tiprl",4.75907731813683e-05,-0.126008440409483,0.264,0.409,0.869102699838148
"Ece1",4.77111816853404e-05,0.119019051251432,0.733,0.737,0.871301599937686
"Commd4",4.78367399290385e-05,-0.109340600602234,0.124,0.228,0.873594544584101
"Pfdn6",4.81650389027354e-05,-0.12217427727955,0.208,0.323,0.879589940441754
"Akt1s1",4.81731339338679e-05,-0.10053233532935,0.092,0.176,0.879737771900296
"Snrnp40",4.82559459101288e-05,-0.107102904388069,0.121,0.229,0.881250084210773
"Mall",4.84233229828294e-05,-0.135317562325854,0.245,0.358,0.884306724312431
"Gtf2i",4.85585804962688e-05,0.133981878823851,0.559,0.516,0.88677679702286
"Tmbim4",4.8664198210561e-05,-0.12771169797719,0.368,0.501,0.888705587721265
"Emc9",4.87847055581893e-05,-0.0827480247916551,0.054,0.123,0.890906292903653
"Vps37b",4.89656089701703e-05,-0.11233907045864,0.138,0.246,0.89420995101325
"Eif3g",4.91385882291441e-05,-0.129628816596693,0.287,0.414,0.89736889824063
"Dctn3",4.91641429802269e-05,-0.129308782076086,0.356,0.496,0.897835579104904
"Znrf2",4.97578387827476e-05,0.125765139643902,0.245,0.18,0.908677651850537
"Sept4",4.97944120858828e-05,-0.147238972206268,0.262,0.422,0.909345553512391
"Sf3a3",4.98826676767662e-05,-0.119685929481282,0.196,0.305,0.910957277113105
"Pnisr",5.00376730984043e-05,0.13343930785124,0.547,0.5,0.913787986123058
"Ikzf5",5.02395317797799e-05,-0.124084890562006,0.171,0.28,0.917474329362341
"Megf9",5.03714493548578e-05,0.123873627223299,0.241,0.18,0.919883408118412
"Anapc1",5.08364207333368e-05,0.126193886421596,0.304,0.242,0.928374715432196
"Ddc",5.08740656465265e-05,-0.150971949596547,0.3,0.439,0.929062186836867
"Gsk3a",5.08775619526485e-05,-0.111795005016132,0.132,0.237,0.929126036379267
"Mgat5",5.0981187607783e-05,0.114653170956403,0.186,0.123,0.931018448093333
"Gm20721",5.12242977912966e-05,0.085493587131248,0.104,0.055,0.935458126264659
"Eif4a2",5.22138881457942e-05,-0.121624726246027,0.595,0.729,0.953530025318493
"Asna1",5.28506131774653e-05,-0.0975812069925271,0.07,0.159,0.965157897846872
"Rcn2",5.32534005582938e-05,-0.128346962676222,0.298,0.455,0.972513600995562
"Epb41",5.34596593135601e-05,0.135839827690821,0.394,0.337,0.976280298384234
"Jpx",5.34947765530969e-05,0.090293965221756,0.106,0.055,0.976921609412655
"Atxn1",5.35847027196499e-05,0.134501593061564,0.63,0.63,0.978563841066246
"Ppp1r35",5.40135122395722e-05,-0.1047752322468,0.109,0.198,0.986394760519067
"Msantd4",5.40155873653551e-05,-0.12570259377444,0.23,0.354,0.986432656466115
"Med31",5.4437747828353e-05,-0.115035157192774,0.148,0.252,0.994142150841382
"Prmt1",5.44914876230351e-05,-0.119414056215978,0.207,0.324,0.995123546971867
"Arrdc3",5.50462309147946e-05,0.0958123872184169,0.112,0.055,1
"Prpf4b",5.51584339579963e-05,-0.123890325287211,0.602,0.745,1
"Pias2",5.52614181692523e-05,0.119171382180379,0.247,0.18,1
"Dcbld2",5.59669584758629e-05,0.103450982956214,0.152,0.098,1
"Slfn5",5.63094330841627e-05,-0.11760530636791,0.705,0.831,1
"Slc3a2",5.70107935329375e-05,-0.121956752336941,0.694,0.805,1
"Peli2",5.7826013740353e-05,0.119457077152577,0.2,0.147,1
"H2afj",5.8233112146593e-05,-0.127660548073862,0.241,0.371,1
"Cox17",5.82365221197212e-05,-0.133820849594717,0.43,0.554,1
"Cdc42ep1",5.84905821332862e-05,-0.12737559364178,0.225,0.344,1
"Col4a2",5.88953311155983e-05,0.116264027215445,0.766,0.788,1
"Phc2",5.96162559179784e-05,-0.130461575483617,0.329,0.467,1
"Emc4",6.01747115992906e-05,-0.122525544549968,0.211,0.344,1
"2900097C17Rik",6.02503998383043e-05,0.131869048169331,0.376,0.327,1
"Dcaf5",6.13426405795466e-05,0.119766294878373,0.247,0.188,1
"Htt",6.15718884919107e-05,0.11990302671209,0.228,0.167,1
"Nprl2",6.18329751592264e-05,-0.0827132108866709,0.048,0.112,1
"Tnfrsf12a",6.22716637701211e-05,-0.113446076984617,0.115,0.208,1
"Ddx3x",6.32497579270633e-05,0.129538450550011,0.602,0.582,1
"Anks1",6.3891868603834e-05,0.137961069303386,0.433,0.375,1
"Ppp1r2",6.39242729172443e-05,-0.113680914742508,0.694,0.823,1
"Idh3g",6.415649042713e-05,-0.117927417103223,0.189,0.31,1
"Arhgef11",6.42063714354055e-05,0.128852963357515,0.289,0.215,1
"Glud1",6.44714775397119e-05,-0.129972338459617,0.508,0.654,1
"Brwd3",6.47021498260582e-05,0.116252787794078,0.194,0.136,1
"Pign",6.51680577756309e-05,0.0972095766729567,0.134,0.076,1
"Mrpl12",6.54797210725687e-05,-0.114760869226285,0.157,0.288,1
"Fcf1",6.59243543415956e-05,-0.116392880624278,0.157,0.261,1
"Eif2ak4",6.64718243972449e-05,0.123143204519328,0.258,0.198,1
"Cd46",6.68969869090634e-05,0.111445510005926,0.152,0.086,1
"4732471J01Rik",6.69231286336e-05,0.13892114081204,0.287,0.203,1
"Ndufa13",6.76794686370605e-05,-0.123150754479325,0.531,0.674,1
"Tlk2",6.77143812395408e-05,0.132118259024812,0.391,0.341,1
"A430005L14Rik",6.79915479122469e-05,-0.0990544143533239,0.087,0.187,1
"Kctd10",6.83501138732557e-05,-0.132954859634814,0.415,0.538,1
"Nip7",6.87089565603359e-05,-0.0942920126201454,0.076,0.157,1
"Fam168a",6.96366741941726e-05,0.130705348177789,0.34,0.292,1
"Myh10",7.00229223606829e-05,0.132604196149804,0.343,0.282,1
"Paics",7.01180955735816e-05,-0.125928023675594,0.259,0.388,1
"Adprhl2",7.01879231535397e-05,-0.0876800222062632,0.071,0.149,1
"Rrs1",7.02797029656228e-05,-0.0864970486303506,0.062,0.132,1
"Higd1a",7.02820606480788e-05,-0.128944608140297,0.331,0.473,1
"Itpr2",7.05294693034797e-05,0.14264260817179,0.483,0.425,1
"2700054A10Rik",7.08439618810962e-05,0.109827176819895,0.149,0.098,1
"Ercc6l2",7.14964471792296e-05,0.1050254015385,0.148,0.095,1
"Prelid1",7.16441440823332e-05,-0.130611485059767,0.297,0.443,1
"Cct3",7.17450004595891e-05,-0.12734027089724,0.342,0.477,1
"Atp11a",7.19947167778655e-05,0.128740399128202,0.314,0.254,1
"Ahctf1",7.21467893303633e-05,0.12827454210234,0.301,0.248,1
"Mbtd1",7.27185879945826e-05,0.129018501591466,0.253,0.205,1
"Usp37",7.31133401805481e-05,0.117193669289222,0.241,0.171,1
"Scamp3",7.4413873497978e-05,-0.107889424719803,0.135,0.227,1
"Rpf1",7.45339005207416e-05,-0.11452486033895,0.14,0.241,1
"Tsn",7.46016136855679e-05,-0.127601179157652,0.427,0.574,1
"Mrpl18",7.47381186062058e-05,-0.121331325489176,0.236,0.348,1
"Rnf5",7.58417891628795e-05,-0.0909151161056737,0.064,0.139,1
"Gbp5",7.60093898075302e-05,-0.134407135729107,0.242,0.375,1
"Ttbk2",7.76210927220972e-05,0.100205531042506,0.166,0.106,1
"Gltp",7.77302960149912e-05,-0.128724918525561,0.411,0.547,1
"Slc23a2",7.77329185292856e-05,0.112462988823475,0.211,0.149,1
"Tacc1",7.78105922599051e-05,0.123450785025017,0.668,0.644,1
"Cntln",7.9609187028617e-05,0.135152581709995,0.37,0.313,1
"Usp54",7.96452829768936e-05,0.13724609939018,0.424,0.395,1
"Fam135a",8.01807409233941e-05,0.129669815948223,0.266,0.208,1
"Entpd1",8.08497668837054e-05,0.139367998414139,0.641,0.622,1
"Gdi2",8.11909719183823e-05,-0.118299704219842,0.554,0.693,1
"Ern1",8.15380062873044e-05,0.103332486083379,0.174,0.119,1
"Rab4a",8.16964535571763e-05,-0.0944179166883158,0.057,0.12,1
"Smad5",8.21201712556443e-05,0.115841623629391,0.239,0.167,1
"Nedd9",8.34260425645565e-05,0.134877078062799,0.478,0.441,1
"Prrc2b",8.3521487997434e-05,0.132039009339365,0.502,0.482,1
"Usp24",8.37475170609879e-05,0.125024343940306,0.321,0.265,1
"Igbp1",8.40204435474901e-05,-0.119596042412902,0.203,0.312,1
"Hadhb",8.40675452986283e-05,-0.126246020685396,0.227,0.358,1
"Tmed3",8.43131425248675e-05,-0.117339068044369,0.203,0.31,1
"Pde7b",8.48591951733959e-05,0.156781867971413,0.293,0.248,1
"Ppp1r12a",8.54937725621933e-05,0.121379269368954,0.685,0.671,1
"Hira",8.55156418295451e-05,0.111434436058556,0.188,0.139,1
"Zc3h15",8.61474034446149e-05,-0.127881582918911,0.41,0.54,1
"Nagk",8.69044870485322e-05,-0.0935940491409025,0.082,0.163,1
"Polr2g",8.86468469872358e-05,-0.121538977173062,0.234,0.347,1
"Itpr1",8.9239371566725e-05,0.138052770517185,0.48,0.439,1
"Ebna1bp2",8.98630280401588e-05,-0.117919363201541,0.196,0.319,1
"Pim3",9.05979739139846e-05,-0.136777496500523,0.29,0.405,1
"Nfic",9.17152170269956e-05,-0.117843770288187,0.613,0.763,1
"Nagpa",9.18640957857335e-05,-0.07857732722633,0.047,0.115,1
"Chst11",9.19726528922892e-05,0.136334178049094,0.438,0.401,1
"Uba2",9.29269140754128e-05,-0.123489464292897,0.261,0.384,1
"Rbbp6",9.32776796776093e-05,-0.126983829317469,0.467,0.616,1
"Asxl1",9.47276758437557e-05,0.128691230425106,0.351,0.3,1
"0610009E02Rik",9.55120035465218e-05,0.0877853745453146,0.113,0.065,1
"Morf4l2",9.66822284791192e-05,-0.127016899813752,0.321,0.473,1
"Fam214a",9.67389828257906e-05,0.0935740443259199,0.124,0.067,1
"Stip1",9.71950920806164e-05,-0.121578462594735,0.244,0.354,1
"B4galt4",9.78005713370386e-05,-0.12738658555117,0.457,0.608,1
"Bak1",9.81016105381688e-05,-0.0844664104451463,0.07,0.146,1
"Gclm",9.81135074633374e-05,-0.127207358755615,0.444,0.581,1
"Slc30a7",0.000100046318811497,0.105355944537482,0.182,0.122,1
"Tm9sf1",0.000100099879071413,-0.0985304871536017,0.101,0.19,1
"Prpsap1",0.000100711095633012,-0.109959201373979,0.157,0.259,1
"Bccip",0.000101152684953654,-0.120168063933529,0.199,0.307,1
"Fh1",0.000102458834516884,-0.09722993951303,0.092,0.183,1
"Reep5",0.000104528344974187,-0.127529153050544,0.348,0.484,1
"Arfrp1",0.000104575068205159,-0.11008719062062,0.158,0.258,1
"Qk",0.000104580551594975,0.0826530771475258,0.902,0.926,1
"Cirbp",0.000104862401523851,-0.109344924173485,0.135,0.239,1
"Cdk6",0.000105343043845529,0.10889726238262,0.169,0.113,1
"Abhd2",0.000105850501628627,0.111963872160485,0.762,0.771,1
"Usp6nl",0.000106345259808946,0.130849394040378,0.419,0.378,1
"Clec16a",0.000106671818844385,0.0983838377419378,0.154,0.101,1
"Ttr",0.000106744287191765,-0.128645058096037,0.102,0.198,1
"Rtf2",0.000106777842260183,-0.119407948617048,0.261,0.374,1
"Ssr4",0.000106876907083582,-0.125524882437801,0.38,0.54,1
"Hist3h2a",0.000107253116398373,-0.11394274162344,0.166,0.268,1
"Pea15a",0.000107685791245184,-0.122951693585239,0.472,0.62,1
"Rad23a",0.000108490418411745,-0.120684244719773,0.234,0.348,1
"Eif3l",0.000108851592776322,-0.117779882452643,0.189,0.326,1
"Map3k2",0.000109160129791344,0.126324858530525,0.303,0.268,1
"Strn3",0.000109487440811379,0.108032125271049,0.767,0.773,1
"Fas",0.000109643643041854,-0.128190540246805,0.477,0.601,1
"Tanc2",0.000109951888866115,0.122529331581799,0.194,0.133,1
"Commd6",0.000110598192606494,-0.111236789007484,0.16,0.269,1
"Phax",0.000110870433018694,-0.12362444564207,0.255,0.401,1
"Pcmt1",0.000111275193815302,-0.12359492007553,0.362,0.51,1
"Naxe",0.000112617572663579,-0.115475415195052,0.189,0.312,1
"Bloc1s2",0.000112668428280203,-0.103986860570249,0.118,0.214,1
"Pdcd4",0.00011300752410498,-0.134884999933255,0.415,0.516,1
"Ccn1",0.000113625599076558,-0.148406908965887,0.157,0.271,1
"Tspan31",0.000113886136157344,-0.101189726816184,0.13,0.231,1
"Mrpl22",0.000113918188705607,-0.10027763584428,0.115,0.215,1
"Asxl2",0.000114570432395545,0.130123180838966,0.352,0.293,1
"Ckb",0.000114991003781068,-0.119554926442871,0.155,0.272,1
"Pikfyve",0.000116475776922927,0.111519906726781,0.197,0.149,1
"Plcl1",0.000116618632821769,0.116956285298609,0.112,0.075,1
"Sdhaf1",0.000117154505991297,-0.106258305709694,0.138,0.238,1
"Paqr7",0.000117313518320781,-0.11577055031702,0.158,0.275,1
"Atf7",0.000117419802088607,0.131222836037423,0.474,0.436,1
"Ppp4c",0.000117805789203282,-0.107005989269858,0.143,0.246,1
"Mark2",0.000117831896278289,0.123636024567944,0.351,0.29,1
"Osgep",0.000118402534455344,-0.111002957553898,0.166,0.265,1
"Rabggtb",0.000118515702262512,-0.0946774446469907,0.093,0.167,1
"Ndufv3",0.000119582824437679,-0.124864139628848,0.356,0.494,1
"Ppfibp1",0.000119700141035667,0.0989067063065807,0.817,0.844,1
"Hlf",0.000120375971742197,0.123780323428279,0.259,0.208,1
"Uqcrfs1",0.000120600948842174,-0.120773483323475,0.262,0.382,1
"Pde8b",0.000120899149207576,0.124728947263522,0.12,0.081,1
"Snx15",0.000123128699097238,-0.0925493996967928,0.089,0.167,1
"Gskip",0.000125304687156805,-0.0925941503157758,0.09,0.169,1
"Btbd7",0.000125898305671525,0.10849854166369,0.75,0.763,1
"Coq10b",0.000126510929045811,-0.115551029450245,0.213,0.329,1
"Hspa12b",0.000126959332000737,-0.117130106768417,0.593,0.729,1
"Rpl7l1",0.000127836338095791,-0.117608069673751,0.262,0.375,1
"Bst2",0.000127849042932092,-0.131473374737527,0.511,0.623,1
"Ube2e2",0.000127932363750715,0.143338136300102,0.272,0.241,1
"Cops4",0.000128001000524514,-0.114484459148534,0.207,0.32,1
"Mrpl48",0.000128132080563745,-0.119380965791188,0.177,0.296,1
"Bcl2l1",0.00012896509376983,0.121427963005938,0.665,0.681,1
"Hectd4",0.000130082729188436,0.118756234149327,0.286,0.228,1
"Sf3b4",0.000130288195491484,-0.0951806110980157,0.102,0.193,1
"Actn4",0.000131797252761393,-0.0988927678481271,0.753,0.867,1
"Rsad2",0.000131889554267897,-0.138395239205233,0.179,0.289,1
"Ankib1",0.000132943908099242,0.125406709014058,0.337,0.288,1
"Mrpl30",0.000133188787286277,-0.12366755249302,0.224,0.344,1
"Dazap1",0.000133674011148704,-0.119525645309416,0.219,0.334,1
"Stxbp6",0.000133915001854337,0.13383301314914,0.585,0.578,1
"Prdm5",0.000133946041759026,0.114500506019038,0.231,0.161,1
"Ndufs5",0.000133964118115709,-0.121702551631867,0.497,0.663,1
"Peli1",0.000134355584548943,0.128044396431427,0.528,0.527,1
"Sirt7",0.000135573207106388,-0.103511866644289,0.14,0.235,1
"Tpgs2",0.000136163247985822,-0.120745910671433,0.194,0.3,1
"Hdac4",0.000136199039076168,0.112896356516099,0.216,0.153,1
"Arhgap18",0.000137601397516563,0.124932525901855,0.267,0.212,1
"Trmt1",0.000137775075921983,-0.0794414196234455,0.061,0.122,1
"Arhgef10",0.000138014584474345,0.115259787179038,0.273,0.208,1
"Pdcd7",0.000138115908705744,-0.100269808085461,0.115,0.207,1
"Rad54b",0.000138705762610749,-0.140299374203222,0.396,0.513,1
"Ppp1r37",0.00013977391660425,-0.102989961237401,0.13,0.235,1
"Nr1d1",0.000140930997404562,0.127788055024495,0.391,0.331,1
"Pex13",0.000141187842302353,-0.10367868894394,0.152,0.248,1
"Tlnrd1",0.000141888206252604,-0.112978954923963,0.168,0.276,1
"Btaf1",0.000143353581692802,0.121359669599531,0.318,0.259,1
"Pla2g12a",0.000146044789541187,-0.0878720297983304,0.068,0.149,1
"Stap2",0.000146427924084521,-0.0982975738140662,0.115,0.201,1
"Tfpt",0.000146570851822607,-0.0738637384576911,0.05,0.109,1
"Cdc42ep2",0.000146705868933498,-0.0892672923948693,0.082,0.163,1
"Eva1b",0.000147279643166699,-0.126121459022596,0.306,0.462,1
"Nisch",0.000148231087831227,-0.121873460362358,0.494,0.622,1
"Bmyc",0.000148999805504236,-0.112356760463345,0.183,0.307,1
"Polr2l",0.000149089113206361,-0.0830226315398968,0.057,0.123,1
"Mrps26",0.000149150418580354,-0.105733379299712,0.151,0.256,1
"Ebp",0.000149540070220604,-0.108234697156456,0.16,0.273,1
"Mzt1",0.000151043100335672,-0.105475970430331,0.149,0.254,1
"Mageh1",0.000152639675617757,-0.10157657324719,0.137,0.248,1
"Rpl4",0.000152682563747361,-0.100858532668925,0.756,0.847,1
"Maml3",0.000152869171528787,0.124936046146674,0.166,0.119,1
"Myo9a",0.000153307916828181,0.132653986610423,0.48,0.432,1
"Cir1",0.00015349031916772,-0.129516534077612,0.314,0.432,1
"2610037D02Rik",0.000153886656188293,0.106514725471392,0.171,0.127,1
"B630019A10Rik",0.000156637684750353,0.0975753318904719,0.124,0.069,1
"Rnf169",0.000156721375213944,0.127129426071819,0.394,0.34,1
"Sucla2",0.000156792267722454,-0.117657195118283,0.245,0.356,1
"Ext2",0.000157042425734867,0.11957312511961,0.318,0.258,1
"Syne2",0.000157175274176931,0.124842866338662,0.635,0.616,1
"Sugt1",0.000157273592407525,-0.122410030720449,0.469,0.615,1
"Phlpp1",0.000157295524943473,0.138835560084398,0.404,0.37,1
"Lrrk1",0.000157404316824386,0.132121755409108,0.449,0.405,1
"Ubr4",0.000157690502816217,0.124328948175354,0.37,0.296,1
"Mrps33",0.000158564600513502,-0.12250371556897,0.351,0.467,1
"Metap2",0.000159121859585533,-0.118463738938606,0.517,0.644,1
"Thoc1",0.00015989102036035,-0.110918793372182,0.186,0.286,1
"Tob1",0.000161824826955409,-0.123254783989046,0.306,0.429,1
"Phf20",0.000162073553852315,0.128632657005454,0.376,0.326,1
"Cdc42bpb",0.000162161597578011,0.125738991119823,0.517,0.459,1
"Lamtor1",0.000162256110581769,-0.119638568977292,0.273,0.402,1
"Eml1",0.000162720015128871,0.132883126777956,0.432,0.408,1
"Pebp1",0.000163094568043136,-0.122597405830307,0.421,0.561,1
"Epha4",0.000166670488018666,0.127020412029025,0.551,0.524,1
"Chmp6",0.00016828276109742,-0.107975750174657,0.151,0.268,1
"Cyba",0.000168350402737847,-0.125343390645415,0.447,0.582,1
"Smim10l1",0.000168711224244837,-0.119903369731614,0.509,0.656,1
"Gata2",0.000169529800487483,-0.126207290598233,0.52,0.637,1
"Nifk",0.000169763182532365,-0.106851115802302,0.12,0.21,1
"Ddit4",0.000169859623163637,-0.129875467637966,0.298,0.422,1
"Puf60",0.000171397516892029,-0.119260568879328,0.317,0.446,1
"Rnf181",0.000173797653792176,-0.10034871627769,0.124,0.222,1
"Flt4",0.000173959158988451,0.124182099993561,0.37,0.331,1
"Rrp15",0.000175058067401145,-0.0844240876560372,0.064,0.144,1
"Cyp2d22",0.000176031967468394,-0.123741372691707,0.255,0.381,1
"Ano6",0.000177309843137709,0.126054277364656,0.548,0.52,1
"Mrpl3",0.000177637398677727,-0.0921161232187372,0.106,0.18,1
"Zfc3h1",0.000178440530627593,0.122290198033843,0.325,0.265,1
"Phb",0.000178743661542944,-0.100315636075378,0.124,0.222,1
"Ncoa4",0.000179409957515858,-0.114662415054296,0.214,0.313,1
"Gpank1",0.000181325589114624,-0.0731272696679314,0.045,0.105,1
"Gabarapl1",0.00018170490471155,-0.122830270281027,0.402,0.541,1
"Pdap1",0.000181735338290774,-0.121941543587938,0.506,0.623,1
"Lmo1",0.000183888198461455,-0.0785495451147326,0.045,0.11,1
"Usp47",0.000183902645765037,0.124934125649395,0.433,0.371,1
"Gcnt2",0.000184325534111555,0.122577949979111,0.626,0.63,1
"Gnl1",0.000184742312383414,-0.0877645552804723,0.078,0.153,1
"Igf2r",0.000184769260285595,0.0907277326326691,0.112,0.061,1
"Rnf144b",0.000186062925757212,0.127112178483361,0.545,0.497,1
"St7",0.00018614791647524,0.101332290966885,0.163,0.108,1
"Nmt2",0.000186445423378693,-0.121314229111137,0.234,0.363,1
"Ube3c",0.000189742949596938,0.12601804580443,0.329,0.282,1
"Ifitm3",0.000190791289459502,-0.0710020216654061,0.941,0.967,1
"Ppp2ca",0.000191082635093273,-0.117612035092429,0.469,0.602,1
"Filip1",0.000191196667058454,0.126509407700785,0.582,0.567,1
"Kat2b",0.000191493169788218,0.126432626041791,0.328,0.273,1
"Smim15",0.000191683300234506,-0.116032872775925,0.22,0.344,1
"Cyhr1",0.00019413461293875,-0.113544282105414,0.244,0.358,1
"Elk4",0.000195057093328337,0.121848925372833,0.469,0.435,1
"Sik2",0.000200772918072885,0.123067202645632,0.25,0.198,1
"Polr2j",0.000200863561913032,-0.117083979933951,0.307,0.442,1
"Atg12",0.000200937349257326,-0.121209233161787,0.287,0.418,1
"Polr2f",0.000200948788928788,-0.119974886932268,0.315,0.443,1
"Emc8",0.00020261051550199,-0.103726081871556,0.137,0.231,1
"Dleu2",0.000202940708175624,0.132072875497822,0.373,0.331,1
"Myl9",0.000203282694085815,-0.1504844744661,0.208,0.307,1
"Tbrg1",0.000203374719167516,-0.123496382265601,0.374,0.494,1
"Mrpl53",0.000204014821334436,-0.115815811663455,0.234,0.353,1
"Rps25",0.000205657598422702,-0.0679579092313869,0.919,0.962,1
"Mt1",0.000205907748486563,-0.163397805977539,0.329,0.407,1
"Sav1",0.000206000980527046,-0.11518481432464,0.29,0.408,1
"Yrdc",0.000207961605525863,-0.08607512273775,0.087,0.159,1
"Opa1",0.000209390944581445,0.119636462613271,0.303,0.251,1
"Hmgcl",0.000209792608496692,-0.097942113650411,0.12,0.212,1
"Rapgef4",0.000210133419026186,-0.104180422830935,0.722,0.85,1
"Asap1",0.000212015108748412,0.115480227180376,0.644,0.66,1
"Smpd2",0.000212212776253276,-0.0821970043668142,0.067,0.13,1
"Vps28",0.000213441492204325,-0.120773193787803,0.376,0.521,1
"Eif2b4",0.000213791483267258,-0.0988552163129822,0.134,0.221,1
"Slc39a8",0.000214832131106488,-0.124734026267458,0.236,0.353,1
"Sept7",0.000215614667841769,-0.0891164557362292,0.826,0.911,1
"Abhd16a",0.000215813751342426,-0.111500321035502,0.185,0.286,1
"Trabd",0.000216532825867224,-0.102575944068624,0.143,0.239,1
"Tent4b",0.000216779847503604,0.121002281714196,0.306,0.259,1
"Rragc",0.00021814907350754,-0.104498842982475,0.185,0.28,1
"Dctn4",0.000218803865694895,-0.122966210450488,0.384,0.531,1
"Ubxn6",0.000218851190021472,-0.116479137149374,0.225,0.331,1
"Zic5",0.000219070859581481,-0.107196494505496,0.151,0.237,1
"Mfsd14a",0.000219998171592471,-0.116848631747837,0.233,0.353,1
"Slc30a1",0.000220210606435391,0.107126910833677,0.741,0.754,1
"Ngdn",0.000221555205394233,-0.102355104231129,0.163,0.255,1
"Ints9",0.000221746855416641,0.106596646525989,0.205,0.139,1
"Fchsd2",0.000222849465757136,0.141412004198864,0.53,0.501,1
"Zfp236",0.000224165650298674,0.100224825243449,0.186,0.133,1
"Med27",0.000225163010980317,0.101226123474177,0.2,0.137,1
"Eogt",0.000225296747113005,0.104666817649015,0.77,0.776,1
"Ubr1",0.000226673526832657,0.124480356255544,0.402,0.358,1
"Dstyk",0.000229350010215769,0.108654644891212,0.247,0.183,1
"Rbm39",0.000233763630553346,-0.0776322271124152,0.856,0.946,1
"Zfp609",0.000235049111881268,0.118725065990413,0.311,0.254,1
"Fam110a",0.000235096074936142,-0.0848034505510576,0.079,0.154,1
"H2afx",0.000236257943399936,-0.0749893912680293,0.045,0.103,1
"Tcea1",0.000239376005877729,-0.116673720015506,0.502,0.637,1
"Magi3",0.000239957159248511,0.129033710552389,0.595,0.555,1
"Tcn2",0.000241537905530585,-0.116693769303529,0.25,0.378,1
"Uggt1",0.000242031403589162,0.112535727785531,0.261,0.205,1
"Hpcal1",0.000243421125398399,-0.117647298606767,0.292,0.398,1
"Klf3",0.000244491373515684,-0.116710597728294,0.584,0.7,1
"Syt7",0.000245243970980408,0.115023477588553,0.252,0.193,1
"Casp6",0.000245357809382961,-0.0973835391897127,0.116,0.197,1
"Dctn6",0.000246294891062464,-0.115079306059702,0.22,0.336,1
"Fli1",0.000249023661609189,0.100974766810848,0.821,0.833,1
"Usp14",0.000252260165638982,-0.110084953752784,0.191,0.309,1
"Bloc1s4",0.000252848257346744,-0.0943332048786397,0.093,0.18,1
"Mkrn1",0.00025286138652967,-0.117428253615277,0.256,0.385,1
"Thoc2",0.000253704887731135,0.123472264855496,0.55,0.514,1
"Fdps",0.000253708244869536,-0.107786945779382,0.165,0.271,1
"Ncoa5",0.000254314197386266,-0.0985356074300971,0.143,0.239,1
"Arih2",0.000254325797700383,0.105843360360665,0.224,0.173,1
"Adh5",0.000255465370902346,-0.117970149618598,0.29,0.442,1
"Gnpda2",0.000255857331753202,-0.107140277786319,0.179,0.289,1
"Col14a1",0.000256745900923983,-0.101763843780408,0.075,0.16,1
"Ackr3",0.000256906248047857,-0.119633144147007,0.216,0.33,1
"Snrnp48",0.000257274053340516,-0.112700960033864,0.205,0.303,1
"Ccnt2",0.00025729342004418,0.108675967220586,0.239,0.181,1
"Ralgapb",0.000259066702920712,0.116871463560013,0.325,0.268,1
"Nars",0.000261132120583448,-0.120208427319539,0.298,0.428,1
"Pex2",0.000261529823782508,-0.0810751835000148,0.071,0.139,1
"Psme2",0.00026329272141053,-0.119412885713466,0.368,0.51,1
"Rfxap",0.000265511578871042,-0.103749296635736,0.157,0.255,1
"Fam126a",0.00026647395619588,0.114225658431615,0.248,0.197,1
"Sbspon",0.000266676974680461,-0.098013469055272,0.098,0.169,1
"Pdcd2l",0.000267339591509414,-0.0873955748306995,0.082,0.163,1
"Zzef1",0.000268103242821844,0.118298190371699,0.337,0.292,1
"C1d",0.000268180113317415,-0.112957710200464,0.205,0.322,1
"Safb2",0.000268344376285992,0.11210245139083,0.264,0.203,1
"Vbp1",0.000268453423707873,-0.115824172418159,0.266,0.392,1
"Mrps6",0.000270266036094806,-0.097958577610231,0.109,0.201,1
"Pla2g4a",0.000270339246493507,0.126211371886667,0.315,0.271,1
"Lrp5",0.000272171334347422,0.115657483793836,0.295,0.235,1
"Jazf1",0.000272771784317206,0.0938695038376789,0.11,0.074,1
"Gm15283",0.00027333533291205,0.0916177394608459,0.124,0.065,1
"Wee1",0.000276765621500793,-0.0692174325611907,0.048,0.105,1
"Vrk2",0.000277753194002455,0.0932267717964165,0.13,0.086,1
"Zhx2",0.000279391823560688,0.0940010461816018,0.158,0.102,1
"Fancc",0.000279544193373049,0.0929019245029324,0.135,0.088,1
"Tek",0.000279819044805177,0.0853271163297267,0.865,0.894,1
"Dixdc1",0.000282946908352744,0.119272766686628,0.309,0.251,1
"Csgalnact1",0.00028365640073657,0.129806955889476,0.398,0.365,1
"Lrrc8a",0.00028564520308102,-0.118418078903851,0.253,0.385,1
"Kif13b",0.000286083393226848,0.121423405977829,0.398,0.344,1
"Bcl7c",0.00028661981193577,-0.115794630643634,0.292,0.415,1
"Alms1",0.000286694667574527,0.0824272017732374,0.104,0.055,1
"Arpc5",0.000289077446284374,-0.115432425588769,0.508,0.642,1
"Hace1",0.000289752447664427,0.110275476883769,0.217,0.167,1
"Prkar1a",0.000289796846163998,-0.0996378216244824,0.713,0.813,1
"Tbl1x",0.000290359546088098,0.121064480753422,0.536,0.517,1
"Rchy1",0.000292092567306751,-0.0997261620749594,0.148,0.245,1
"Commd2",0.000293552794537558,-0.100296045264146,0.143,0.245,1
"Rab2a",0.000294143062003322,-0.0988235119517484,0.71,0.837,1
"Tgtp2",0.000296754117186806,-0.0809536103750581,0.065,0.126,1
"Mpp7",0.000297185557186132,0.120291341377242,0.272,0.231,1
"Mrpl21",0.000299738308086893,-0.109637869138922,0.172,0.273,1
"Nat9",0.00030009751859239,-0.0817571537245869,0.073,0.147,1
"Shf",0.000300271643372752,-0.0730651926057773,0.048,0.101,1
"Evl",0.000301032304333633,0.115464615445063,0.307,0.254,1
"Rtcb",0.000302041112211426,-0.110255543562145,0.248,0.368,1
"Acot9",0.000303157414204186,-0.106657228890624,0.216,0.316,1
"Tnk2",0.000305544797223465,0.0933508732483343,0.172,0.12,1
"Clock",0.000307401452412911,0.123631446982909,0.449,0.412,1
"Ccrl2",0.000310114364514292,-0.104735448526848,0.138,0.235,1
"Cdc16",0.000314556362788221,-0.0948538005697878,0.109,0.194,1
"Cnot1",0.000314777543660446,0.116559249995323,0.357,0.29,1
"Rbpms",0.000314951312261607,-0.110649531466028,0.613,0.758,1
"Usf2",0.000316811785959923,-0.116523162340558,0.309,0.426,1
"Rasip1",0.000316937525252932,-0.0919438493605649,0.756,0.884,1
"Ifitm2",0.000317372365561522,-0.0999455941600293,0.734,0.857,1
"Commd8",0.000320585793872026,-0.104568920047571,0.185,0.293,1
"Fam173a",0.000320884700647456,-0.0953252565974541,0.106,0.191,1
"Rsf1",0.000324224908714562,0.122301599117319,0.503,0.456,1
"Skil",0.000328106139532,-0.122501107646019,0.379,0.497,1
"Adrb2",0.000329332968468107,-0.0867305252216001,0.096,0.171,1
"Fgfr2",0.00033103526669356,0.117805490056594,0.419,0.371,1
"Gm8797",0.000331217818874147,-0.0817022293588743,0.067,0.143,1
"Slc52a3",0.000331549650784407,-0.109937374726066,0.211,0.33,1
"Borcs6",0.000331684681569328,-0.0791367222481159,0.061,0.133,1
"Prdm2",0.000332114893564457,0.119509247826345,0.478,0.441,1
"Acacb",0.00033219300664271,0.113634488100292,0.253,0.212,1
"Tsc22d2",0.000333368183236709,0.122516928448996,0.314,0.273,1
"Glo1",0.000335212257498039,-0.113370071703762,0.255,0.377,1
"Baz2a",0.000336450804564693,0.118535945611691,0.365,0.309,1
"Prkra",0.000339150543105901,-0.0959250563751683,0.127,0.211,1
"Uba6",0.000341378938253203,0.103851706233567,0.168,0.123,1
"Aff4",0.000342845806890295,0.118423451969988,0.562,0.535,1
"BC005537",0.000343132783946462,0.116291121797978,0.411,0.38,1
"Fam120c",0.000343185042556415,0.0949298404034365,0.143,0.099,1
"S1pr4",0.000344025144509985,-0.093655755122059,0.112,0.191,1
"AC154200.1",0.000344320925416354,-0.0707507417098039,0.043,0.116,1
"B3gnt2",0.000347157468016817,-0.114354510822636,0.575,0.693,1
"March6",0.000347247134692939,0.119785468465502,0.385,0.344,1
"Atraid",0.00034803024273347,-0.116251015620411,0.329,0.449,1
"Cxcl12",0.000348467391969765,-0.0989309286130016,0.873,0.911,1
"Lrrk2",0.000349481113840538,0.093679664148874,0.168,0.115,1
"Msrb2",0.000350870281410757,-0.0998592530613502,0.138,0.221,1
"Zc3h6",0.000353913931418106,0.0841201751246256,0.11,0.067,1
"Chrac1",0.000354999892181731,-0.109997519480542,0.211,0.312,1
"Nbl1",0.000355902241717855,-0.0967226202870075,0.089,0.16,1
"Cpe",0.000356871005916263,-0.100965256917515,0.073,0.137,1
"Gpn3",0.000357526864545155,-0.0820069901390403,0.073,0.143,1
"Ttyh2",0.000358526401423165,-0.107628023779673,0.098,0.177,1
"Ube2g2",0.000359102262728837,-0.0953769946235408,0.113,0.207,1
"Pex16",0.000360326129731602,-0.0690769062180242,0.047,0.108,1
"Nenf",0.000360674317912797,-0.118848025838711,0.429,0.572,1
"Pld1",0.000360704307230287,0.103512350203313,0.186,0.135,1
"Ociad1",0.000362332195649058,-0.115018104324088,0.284,0.429,1
"Ppp1r14b",0.000365900207301026,-0.100998575348138,0.171,0.259,1
"Pcnt",0.000367637947719445,0.11010465112778,0.258,0.194,1
"4930545L23Rik",0.000368276806766246,0.091061203688656,0.115,0.074,1
"Clic4",0.000369646126581918,-0.0745678914615024,0.891,0.943,1
"Nedd4",0.000370184366979769,0.0889559329910841,0.82,0.841,1
"Numb",0.000370751019048001,0.118779707743965,0.516,0.484,1
"Pi4ka",0.000371274551859001,0.114321768976771,0.262,0.227,1
"Lsm2",0.000371861971482696,-0.105541713880475,0.186,0.289,1
"4930402H24Rik",0.000373726428642078,0.116948803923002,0.314,0.269,1
"Cop1",0.000375758913469827,0.116307810578305,0.366,0.323,1
"Vamp4",0.000376412904501725,-0.113574131170534,0.321,0.458,1
"Ank",0.000376823185195563,0.106696000227262,0.238,0.183,1
"Smim26",0.000377189347450873,-0.100312873812953,0.141,0.232,1
"Gabpb2",0.000377660674322925,0.107508762958757,0.238,0.188,1
"Stk16",0.000378309252349482,-0.0992166579510039,0.134,0.228,1
"Apcdd1",0.000379836254695572,-0.132847935687889,0.505,0.625,1
"Sema6a",0.000379942240443271,0.129370537465026,0.52,0.497,1
"Ndufs7",0.000381441853913629,-0.116549930780704,0.384,0.528,1
"Dnajb1",0.000381865262441467,-0.102807105543067,0.144,0.254,1
"Rdm1",0.000386889317006623,-0.109250859187615,0.213,0.323,1
"Slc12a2",0.000391416561637818,0.119854057928492,0.225,0.178,1
"Cux1",0.000391829674815655,0.119025845576468,0.444,0.414,1
"Ndufb7",0.000392059702353993,-0.115681787891669,0.509,0.649,1
"Ndufc1",0.000393232106263695,-0.121036407298536,0.382,0.501,1
"Wdr45b",0.000394878897227683,-0.111085928353616,0.231,0.351,1
"Ing1",0.000400548113506453,-0.110909363823321,0.23,0.334,1
"Dnajb2",0.0004006895817732,-0.103317179159574,0.155,0.252,1
"Gm33206",0.000402970835310256,0.122071564589223,0.207,0.177,1
"Cdkn1b",0.00040552520427422,-0.117121872486709,0.368,0.504,1
"Pip4k2a",0.000405996322100394,0.0977965542505712,0.191,0.142,1
"Ccdc71l",0.000406702969149095,-0.0909536760579621,0.112,0.186,1
"Thoc3",0.000409010822005886,-0.0905748792926145,0.099,0.176,1
"Tor1a",0.000409472493788215,-0.0905486841916038,0.104,0.193,1
"Chd9",0.000409691817312981,0.118246789382725,0.292,0.248,1
"Lipe",0.000411453025486332,0.109815247953838,0.248,0.193,1
"Gmeb2",0.000417890837093035,0.0982466638102653,0.186,0.13,1
"2210408F21Rik",0.000420051079093005,0.107371303175369,0.207,0.156,1
"Sept8",0.000423033049353326,0.0951608850853601,0.154,0.102,1
"Ndufa10",0.000423592099150077,-0.109830343235986,0.267,0.368,1
"Rffl",0.000423874715543786,0.0764315926484125,0.104,0.057,1
"Surf1",0.000425690294310049,-0.0969294750570779,0.116,0.212,1
"Acaca",0.000428807679870614,0.100718662465269,0.185,0.13,1
"Atp9b",0.000428965114456376,0.115766819736387,0.362,0.32,1
"Rae1",0.00043030508828073,-0.0945361622761689,0.11,0.2,1
"Naa20",0.000430658811399398,-0.113378802320093,0.256,0.385,1
"Cnot4",0.000431756735725063,0.116942692059475,0.52,0.504,1
"Taok3",0.00043276422902548,0.0915853295066582,0.146,0.105,1
"Maged2",0.000433396231463528,-0.0876276971282971,0.081,0.154,1
"Smg1",0.000434197789625194,0.119493425149286,0.411,0.37,1
"Zfp524",0.000435861473712576,-0.0771439318597386,0.065,0.13,1
"Tasor",0.000436613380267583,0.120184675418173,0.519,0.492,1
"Ccnd2",0.000436789805007969,-0.143924580582369,0.356,0.442,1
"Serinc1",0.000441712483467717,-0.110628984395432,0.522,0.666,1
"Ech1",0.00044408819079654,-0.113606157490532,0.446,0.588,1
"Ahcyl2",0.000447232554467057,0.112244127819329,0.22,0.178,1
"Brd9",0.000448030647112929,-0.118201392092033,0.328,0.469,1
"Emc6",0.000448196457090937,-0.10798245344148,0.225,0.343,1
"Akap9",0.000453560698606654,0.116390382871855,0.599,0.574,1
"Bet1",0.00045915892535138,-0.102496099745853,0.158,0.266,1
"Hipk2",0.000459917834659706,0.109149814419899,0.255,0.208,1
"Prmt2",0.000460963100738058,-0.0844161452425102,0.092,0.171,1
"Crtap",0.000461258559471225,-0.109779382884558,0.25,0.361,1
"Dda1",0.000465692658731896,-0.0968820496934456,0.118,0.217,1
"Enah",0.000465772900651872,0.113642406807429,0.298,0.254,1
"Trip10",0.000466782398697185,-0.107413030263731,0.193,0.305,1
"Sars",0.000470604502868657,-0.11278149092102,0.259,0.368,1
"Xbp1",0.000474770819979854,-0.118436268151779,0.37,0.487,1
"Prrg2",0.000481613778493027,-0.100382965334754,0.155,0.254,1
"Tmem234",0.000484597359376418,-0.109775867043908,0.525,0.666,1
"Arhgap32",0.000488505229674814,0.0921265840961887,0.13,0.081,1
"Bcl6b",0.000489043519423269,-0.0905902482504078,0.12,0.194,1
"Lin52",0.000493170004243164,0.0877963369867356,0.144,0.098,1
"Eif1b",0.000493394498759075,-0.11491907105475,0.304,0.429,1
"Exoc2",0.000494126070666121,0.115675063299404,0.416,0.377,1
"Tango6",0.000496429935876005,0.0867793412413945,0.126,0.085,1
"Sf3a2",0.000497841858803592,-0.0776255410746688,0.076,0.139,1
"Bvht",0.000500495838155381,-0.115999822414824,0.345,0.458,1
"Atp5d",0.000506893545809434,-0.107691683810518,0.584,0.698,1
"Layn",0.000507557905324516,-0.116873332184965,0.452,0.599,1
"Urm1",0.000509748044424964,-0.0879567238263795,0.124,0.203,1
"Pnpla2",0.000509953312637116,-0.115917092627344,0.331,0.435,1
"Ubn2",0.000510890376526612,0.116671259786473,0.545,0.541,1
"Klhl3",0.000512918509855601,0.0812845940167187,0.104,0.062,1
"Tmem11",0.000512968651796182,-0.0929784656329258,0.129,0.221,1
"Fam104a",0.000513827411518955,-0.111349208682578,0.323,0.446,1
"Fmc1",0.00051739590717934,-0.0987268499459323,0.141,0.227,1
"Bcl2l12",0.000520614609466446,-0.0672427933762889,0.048,0.103,1
"Ret",0.000524586808840802,-0.093572345993248,0.107,0.186,1
"Tm2d3",0.00052871731095424,-0.100983098919726,0.175,0.283,1
"Atm",0.000533898063242366,0.0841657129961845,0.129,0.082,1
"Adarb1",0.000535416079943144,0.119231131521492,0.281,0.237,1
"Elp4",0.000536999466930643,0.121528760850325,0.281,0.234,1
"Amd1",0.000538005894306118,-0.130080870845096,0.45,0.548,1
"Gm15478",0.000538132927360936,-0.0761551407812674,0.062,0.115,1
"Rbl2",0.000540898028577231,0.100151361027031,0.188,0.136,1
"Agl",0.000541724879998523,0.0768616768477793,0.115,0.061,1
"S100a6",0.000542552936634854,0.10767197773344,0.101,0.05,1
"Lsm6",0.000543714149941311,-0.106626362932291,0.208,0.316,1
"Phf5a",0.000549794805611781,-0.109576699157855,0.262,0.385,1
"Triobp",0.000550172782172417,-0.109888672625731,0.287,0.395,1
"Ndufa9",0.000550630835041647,-0.098869644821034,0.168,0.266,1
"Clpp",0.000551171390507399,-0.09292211604158,0.141,0.218,1
"Slc44a1",0.000556953170324784,0.116017274105648,0.463,0.424,1
"Cwc27",0.000560730655901813,0.116542165971204,0.301,0.248,1
"Fnta",0.000564878545561846,-0.108779566268767,0.289,0.405,1
"Yju2",0.000572515574945386,-0.0783694259993444,0.062,0.13,1
"Msantd2",0.000576502490406618,0.102007872274507,0.214,0.167,1
"Hfe",0.000577297138618071,-0.0817972015498009,0.079,0.15,1
"Scyl3",0.000577541958576889,0.0801375979517782,0.113,0.074,1
"Map2k6",0.000582660271371976,0.0872832206590511,0.127,0.078,1
"Hspa14",0.000582708355233967,-0.102892963076871,0.188,0.297,1
"Endog",0.000584301816468302,-0.0721804023934262,0.045,0.108,1
"Wdr20",0.000588138613373321,0.096263051197655,0.191,0.147,1
"Rap1b",0.000588234063738839,-0.0972070169844783,0.686,0.799,1
"Apmap",0.000594227807988431,-0.0837274301443787,0.096,0.178,1
"Smarca4",0.000599118502568957,0.114657245120683,0.377,0.333,1
"Akap7",0.000601833015075631,0.10776261609064,0.262,0.203,1
"Zbtb21",0.000606018778312936,-0.0728241116945525,0.05,0.11,1
"Eefsec",0.0006075313524784,0.0856283487809533,0.146,0.098,1
"Edem3",0.000608057404700077,0.100290155073774,0.219,0.169,1
"Ergic2",0.000611533270395497,-0.108064329531902,0.267,0.381,1
"Ccdc152",0.000611841061213118,0.112795980949138,0.196,0.161,1
"Acvr1",0.000613139114863457,0.115486308037589,0.424,0.395,1
"Sertad3",0.000614129195327683,-0.075000877382914,0.062,0.135,1
"Pink1",0.000618583827406248,-0.110143960101614,0.278,0.398,1
"Zdhhc17",0.000620688807967908,0.104158160758792,0.234,0.19,1
"Dmxl2",0.000621624009826841,0.0848839691118917,0.135,0.088,1
"Cox14",0.000624058390966948,-0.108686582935176,0.312,0.428,1
"Lsm12",0.000625419709265477,-0.103387110815146,0.191,0.302,1
"Eif4e2",0.000626441979811163,-0.102796126569189,0.199,0.302,1
"Rabgap1",0.000628817812194415,0.116720051171918,0.443,0.416,1
"Gnl3",0.000636206466044779,-0.0858918566986363,0.089,0.167,1
"Trp53",0.000637228276605963,-0.0954934904407544,0.158,0.258,1
"Ctnna1",0.000639858733490801,0.0860431113624363,0.828,0.847,1
"Pik3r1",0.000643304172434693,0.109485562206675,0.295,0.251,1
"Ube2d2a",0.000644771379676829,-0.108556134035235,0.444,0.576,1
"Smarcb1",0.000646428993996906,-0.103947051707215,0.172,0.286,1
"Usp40",0.000646541044296473,0.0967162737274263,0.191,0.142,1
"Dnajc30",0.000648842736142031,-0.0857183491369833,0.106,0.186,1
"Cops6",0.000650985130545536,-0.105781595303106,0.261,0.373,1
"Herc2",0.000651652397016271,0.11135973170271,0.592,0.579,1
"Apold1",0.000656852915454049,0.134380375054353,0.522,0.544,1
"Impa1",0.000657877930399859,-0.10446733507532,0.21,0.314,1
"Firre",0.000661108450609147,0.08400446191399,0.161,0.108,1
"Cbx5",0.000662568222072786,0.119477148171868,0.48,0.438,1
"Txnl1",0.000666087989264932,-0.107957064283724,0.429,0.554,1
"Gstt2",0.000671869645470224,-0.100100288021481,0.168,0.256,1
"8030462N17Rik",0.000673902531631395,0.106050967550537,0.264,0.214,1
"Slmap",0.000675172331112741,0.113224402630428,0.418,0.378,1
"Rnf146",0.000676315219009054,-0.100800705935557,0.202,0.307,1
"Spcs1",0.000678476029766476,-0.111433789191021,0.399,0.533,1
"Uqcrc2",0.000680124873056288,-0.109630406212129,0.379,0.51,1
"Cmip",0.000682010442242021,0.106369047697691,0.205,0.161,1
"Dennd4c",0.000682781176792348,0.117035025287175,0.356,0.319,1
"Psmg2",0.000683365587220699,-0.0866429780692549,0.107,0.184,1
"Cpt1a",0.000687431888041475,0.114700454951044,0.438,0.414,1
"Ppdpf",0.000689003959576999,-0.111537788801888,0.321,0.443,1
"Igfbp4",0.000693056164031422,0.123887678199994,0.107,0.074,1
"Fopnl",0.000696671607815092,-0.094380320499696,0.138,0.232,1
"Mcf2l",0.000701409639727946,0.117702066874567,0.568,0.537,1
"Arhgef2",0.00070577097948522,-0.110582808252849,0.444,0.574,1
"Sclt1",0.00070584060559792,0.101732584259263,0.214,0.147,1
"Kantr",0.000707892762257633,0.07702412647033,0.123,0.075,1
"Pgpep1",0.000710745996239585,-0.0684085188970917,0.054,0.11,1
"Inpp5k",0.000711042489518023,-0.0989070184766796,0.179,0.272,1
"Ehmt1",0.000711515567569373,0.113294941823699,0.436,0.391,1
"Gipc1",0.000716810820164107,-0.0852812225768376,0.101,0.181,1
"Tsg101",0.000717087337222379,-0.108361147606887,0.258,0.385,1
"Fbxo6",0.000722471684844506,-0.0950653265298616,0.151,0.252,1
"Prnp",0.000724820070985825,-0.106895404278114,0.562,0.694,1
"Chd8",0.000728313497397803,0.109446579598812,0.379,0.327,1
"Cebpzos",0.000729161259810334,-0.0914940007295357,0.115,0.201,1
"Mast2",0.000729427761040535,0.0999236261602233,0.191,0.142,1
"Dynlt3",0.000731916010739223,-0.107266724452452,0.45,0.576,1
"9130401M01Rik",0.000733700810316681,-0.0790934003381126,0.082,0.147,1
"Osbpl9",0.000736973218444777,-0.0960554361531294,0.674,0.802,1
"Bod1",0.000747267904547886,-0.103803285290577,0.191,0.306,1
"Sema3c",0.000750537881446722,0.113183041561111,0.747,0.725,1
"Dennd4a",0.000754233460029948,0.101483593212907,0.208,0.157,1
"Alpk1",0.000761090041981356,0.0788456973880168,0.101,0.054,1
"Cops2",0.000763532042814803,-0.102606894232748,0.225,0.346,1
"Pdcd6",0.000763814276079308,-0.107310013997999,0.323,0.45,1
"Rpl31",0.000765439280261511,0.0778189769412039,0.863,0.894,1
"Herc3",0.000765953889006099,0.0698201270154387,0.102,0.055,1
"Meaf6",0.00076611488979673,-0.0902743631862749,0.118,0.205,1
"Rela",0.00076707432511096,-0.106301710136317,0.272,0.394,1
"Max",0.000774285865798963,-0.110012449998864,0.352,0.476,1
"P4ha1",0.00077859334395275,-0.105041246835806,0.21,0.305,1
"Tmem100",0.000779077767233638,-0.147560373379001,0.297,0.363,1
"Mapk8ip3",0.000783376728364711,0.0999058628441939,0.231,0.181,1
"Mpc2",0.000784671951342365,-0.108005064654957,0.301,0.424,1
"Trappc2",0.000789057347919826,-0.0795026359604195,0.087,0.157,1
"Sf3b5",0.000789264766938142,-0.107378866796378,0.283,0.395,1
"Ctsf",0.000792566056047026,-0.0777066490235791,0.076,0.156,1
"Irf9",0.000797213015646486,-0.111740842258613,0.284,0.416,1
"Ap1m1",0.000797733893110806,-0.0900927606464074,0.104,0.173,1
"Mrps24",0.000799961538239806,-0.106812700075728,0.399,0.521,1
"Blvrb",0.000803752205005644,-0.104723507310059,0.214,0.31,1
"Usp38",0.000805273207506883,0.0740276718936086,0.115,0.074,1
"Tceal1",0.000808039999566324,-0.0749643915712268,0.073,0.139,1
"Rgl2",0.000808564969107342,-0.0962405037630534,0.144,0.246,1
"Birc3",0.000814257885238392,0.0940767287366414,0.182,0.142,1
"Ucp2",0.00081867879344683,-0.108259721748029,0.571,0.681,1
"Csde1",0.000820929344449711,0.0993111021346562,0.722,0.742,1
"Nup155",0.000823633610832937,0.073898562089773,0.121,0.075,1
"Smndc1",0.000824350346121024,-0.105836592694631,0.213,0.33,1
"Cnot3",0.000829386393746183,-0.105539162573968,0.273,0.398,1
"Pgm2l1",0.000832630973745344,0.107366978326918,0.293,0.227,1
"Mrpl32",0.000836919439796672,-0.0905292606539258,0.134,0.214,1
"5930430L01Rik",0.000838039801944571,0.0739434852575027,0.101,0.062,1
"Lcat",0.000838478847590629,-0.0606261813282497,0.039,0.102,1
"Snapc1",0.00084011336061721,-0.102027164803737,0.213,0.305,1
"D5Ertd579e",0.000841947949068589,0.10049554610108,0.245,0.188,1
"2410004B18Rik",0.00084328806460105,-0.0895692497747682,0.127,0.204,1
"Cd24a",0.000844585426846923,-0.0888313992307973,0.101,0.177,1
"Cdc42se1",0.000846063177372658,-0.103747024182808,0.216,0.314,1
"Map7d1",0.000855723095609425,-0.107104158926026,0.495,0.613,1
"Mff",0.000858588271346045,-0.106983030876901,0.421,0.545,1
"Polr2d",0.000860152853224628,-0.0851783420265161,0.107,0.184,1
"Qrich1",0.000861165363924663,0.0987818906000452,0.273,0.214,1
"Mgat2",0.000863485649855697,-0.103008089339576,0.245,0.361,1
"Ehd2",0.000864833709409709,-0.11251608085841,0.511,0.612,1
"Ankrd28",0.000866788597189293,0.106200874941941,0.27,0.222,1
"Ptprj",0.000866989151941491,0.12773896145134,0.474,0.472,1
"U2af1l4",0.000874083176787613,-0.0894571363415443,0.116,0.198,1
"Gm12216",0.000874220441164782,-0.0805844221871603,0.085,0.154,1
"Dync1i1",0.000876410631014708,0.109470920758523,0.179,0.13,1
"Klhl6",0.000879602628113231,0.10622355283043,0.233,0.191,1
"Rfx7",0.000880719825936023,0.104517700546189,0.207,0.17,1
"Bud23",0.000884684175558578,-0.0826193017017819,0.102,0.181,1
"Wdpcp",0.000884959787301844,0.0886361253493595,0.107,0.074,1
"Tmem159",0.000888579454315293,-0.0869141740998723,0.127,0.21,1
"Helz",0.000891256952902375,0.11208762980868,0.376,0.333,1
"1110051M20Rik",0.000892364608232895,0.0932520223859455,0.16,0.122,1
"Bex3",0.000893289160959271,-0.10414502769019,0.205,0.307,1
"Fbxo42",0.000894602525071473,0.0837921388872087,0.152,0.108,1
"Hmgcs2",0.000894697995928124,0.119193618908448,0.328,0.276,1
"Osbpl8",0.000898991883258028,0.112994766655319,0.438,0.412,1
"Lmo7",0.000899540385243758,0.11792193935004,0.567,0.548,1
"Scoc",0.000899798141781703,-0.108814078104833,0.382,0.513,1
"Il6st",0.000901367086677272,0.111767634504067,0.464,0.438,1
"Fam219b",0.000906641558103826,-0.09937383200103,0.185,0.28,1
"Dcaf7",0.000908039959691511,0.0966983602656489,0.261,0.207,1
"Plekhf2",0.000913669206500038,-0.0975210009973133,0.183,0.279,1
"1700021F05Rik",0.000916435272573378,-0.0645659332555015,0.047,0.106,1
"Tbcd",0.000917172703926413,0.0884051135888149,0.157,0.103,1
"Tmem223",0.000923024730362278,-0.101105724816726,0.197,0.309,1
"Zfp292",0.000923276928958053,0.110362606727184,0.511,0.479,1
"Pitpna",0.000925180856842763,-0.0959064089247772,0.651,0.779,1
"Dgke",0.000926449864270524,0.0952074538369971,0.193,0.144,1
"Chd6",0.000927943602565069,0.109929761686988,0.475,0.439,1
"Rnf130",0.000929402617790202,-0.106145673567003,0.334,0.467,1
"Ppp2r5e",0.000930885701776245,0.109986965829407,0.404,0.364,1
"Rps17",0.000944503402336953,0.0691363021773181,0.899,0.926,1
"Aimp1",0.000950908136852576,-0.109299011231811,0.32,0.443,1
"Tspan4",0.000951944154126423,-0.104415174794771,0.3,0.407,1
"Fdx2",0.000960795625830186,-0.0750830089861445,0.078,0.142,1
"Rpn1",0.000964707793809918,-0.105166352167077,0.295,0.408,1
"Nap1l1",0.000975698191465071,-0.104993213331986,0.542,0.659,1
"Zfp771",0.000984195781601887,-0.0966210492375857,0.186,0.283,1
"Plpp1",0.000985933250989889,-0.114487073970143,0.328,0.441,1
"Nt5c",0.000987388565330835,-0.0945331369638135,0.149,0.239,1
"Prkab1",0.000988689747124758,-0.0874266247780745,0.123,0.211,1
"Mrpl20",0.000995075835807889,-0.108008779616269,0.325,0.449,1
"Mrps5",0.000995322802955667,-0.102970945388982,0.211,0.316,1
"Ica1l",0.000995889430754639,0.0833375532146324,0.141,0.096,1
"Zfp280c",0.000999226134849501,0.0788190739129939,0.132,0.092,1
"Fxyd5",0.00100118895623673,-0.0734111651205247,0.879,0.935,1
"Atxn7l3b",0.0010023043150342,-0.101173755601824,0.593,0.724,1
"Nudcd2",0.00100275296114714,-0.0864729026873093,0.107,0.194,1
"Snrk",0.00101033881458113,0.0979452684870483,0.716,0.734,1
"Zcchc14",0.00101217470015891,0.104926931889608,0.357,0.319,1
"Rbm48",0.0010140947904231,-0.0792537442967253,0.081,0.143,1
"Timm8b",0.00101932657849834,-0.102797710413392,0.217,0.343,1
"Emp2",0.00102082778691049,-0.113515897832497,0.457,0.569,1
"Snhg1",0.00102814654371874,-0.0855501058922541,0.107,0.183,1
"Atp2a3",0.00103146586726034,-0.100644198822649,0.157,0.261,1
"Lamb2",0.00103503303284972,0.109201975901042,0.559,0.518,1
"Pank3",0.00103736076448918,0.106175201305217,0.342,0.293,1
"Pphln1",0.00104529463334463,0.0929019656085185,0.202,0.154,1
"Stub1",0.00105443175157513,-0.106512873610018,0.331,0.466,1
"Cradd",0.00105489347054268,0.101278202120397,0.194,0.159,1
"Alg5",0.00106170961955649,-0.0875859987787054,0.113,0.2,1
"Urod",0.00106597734968873,-0.0735248451778315,0.082,0.146,1
"Slc31a1",0.00107848063318093,-0.111991234387113,0.346,0.455,1
"Mrtfa",0.00108050045280733,0.0928905026545128,0.174,0.135,1
"Chmp1b",0.00108323737391885,-0.0924676055373954,0.157,0.251,1
"Rnh1",0.00109017191279219,-0.103998251767316,0.342,0.472,1
"Pofut2",0.00109597746720407,-0.0789726541766965,0.098,0.161,1
"Atf6b",0.00109978196198878,-0.0674968813905424,0.062,0.115,1
"Mill2",0.00110996096818813,0.112481406165715,0.438,0.402,1
"Ccser1",0.0011123352017653,0.0964804851293172,0.126,0.086,1
"Kdm5b",0.00111556828957206,0.107347067404504,0.332,0.28,1
"Bcar3",0.00111853601517717,0.100903671655738,0.231,0.194,1
"Snw1",0.00112549079566847,-0.107511255173913,0.396,0.521,1
"Nipal3",0.00112756750525645,0.094784718612546,0.227,0.181,1
"Procr",0.00113078580164555,-0.0909847623664648,0.138,0.229,1
"Fdx1",0.00113154142191665,-0.0935635627727384,0.179,0.261,1
"Gid8",0.00113490468373408,-0.0861928983108742,0.135,0.215,1
"Arl8a",0.00114068198071312,-0.090001766669486,0.157,0.252,1
"C1galt1c1",0.00114387432144794,-0.0849821975504934,0.11,0.186,1
"Phf14",0.00114760423229256,0.110562843525337,0.467,0.443,1
"Mcrip1",0.00116073867583767,-0.102676007950089,0.289,0.407,1
"Gak",0.00116318692463795,0.0979638716186974,0.245,0.191,1
"Manea",0.0011645746897506,0.0820171348314413,0.146,0.102,1
"Ankrd29",0.0011665880556381,-0.0905477436380316,0.152,0.229,1
"Car2",0.00116799006410824,-0.109203575111466,0.231,0.341,1
"Foxo1",0.00116875860006211,0.107093426943115,0.542,0.53,1
"Fam171a1",0.00117106217460698,0.109031809604928,0.37,0.343,1
"Naxd",0.00117198306699049,-0.0921523043561954,0.143,0.239,1
"Epc1",0.00118069360847886,0.106018385454096,0.385,0.358,1
"Ndufv1",0.00118184606086524,-0.098268360685428,0.207,0.312,1
"Chmp4b",0.00118587900419447,-0.105018206488012,0.416,0.54,1
"Irf2",0.00119047349970451,-0.10036489771515,0.582,0.711,1
"Naa10",0.00119370868460558,-0.0849289412919367,0.109,0.184,1
"Ino80d",0.0011971360537261,0.108685439226427,0.425,0.382,1
"Lpin2",0.00120222215912505,0.0989151431947566,0.199,0.163,1
"Sfpq",0.00120986812177085,-0.102726106579642,0.536,0.65,1
"Ap1s1",0.00121110635262101,-0.0872801138603021,0.123,0.212,1
"Itm2c",0.00121153388686295,-0.106359581914341,0.337,0.459,1
"Cog3",0.00121291717178045,0.0819703027459883,0.148,0.102,1
"Mapre1",0.00121403311707646,-0.105719776822388,0.469,0.606,1
"Akap10",0.00121538055283431,0.104007471990328,0.272,0.225,1
"Kifc3",0.00122355411902851,-0.0957243481692215,0.208,0.297,1
"Rnase4",0.00122665696139625,-0.0992775138223351,0.101,0.169,1
"Zscan26",0.00123089879824799,-0.102132213829545,0.253,0.36,1
"Mphosph9",0.00123219040691888,0.0756175058162258,0.101,0.064,1
"Dnajb11",0.00123344653284779,-0.103394373316631,0.329,0.441,1
"Yy1",0.00124116008250282,-0.103192557576586,0.467,0.591,1
"0610009B22Rik",0.00124171234821123,-0.0745491492819902,0.089,0.156,1
"Celf1",0.00124700648323208,0.108552426051038,0.446,0.407,1
"Mllt6",0.00125688107925007,0.0989415369372149,0.283,0.234,1
"Ptch1",0.00125848726691348,0.0931624352584252,0.22,0.173,1
"Tgfb1i1",0.00126415454327249,-0.0967173150058139,0.189,0.282,1
"St3gal6",0.00127388286647341,-0.0888313944525063,0.727,0.857,1
"Zkscan8",0.00127487677148694,0.0750936253677775,0.11,0.076,1
"Pbrm1",0.00127609008125402,0.103379126886917,0.629,0.613,1
"Ldhb",0.00129450517309051,-0.0796007929196112,0.093,0.163,1
"Mrpl46",0.00129668334385347,-0.0818510563254549,0.099,0.18,1
"Timm17b",0.00129751468454399,-0.0908763934255874,0.151,0.249,1
"Tdrd3",0.00129831577116634,0.0964785524598269,0.216,0.169,1
"Capn2",0.00130548328333135,-0.0991820342822273,0.568,0.683,1
"Rbm34",0.00130684172688081,-0.0790769763427155,0.106,0.17,1
"Polg",0.00131496125546791,-0.0807709888847009,0.124,0.193,1
"Tecr",0.00131898925722973,-0.103465348908872,0.321,0.438,1
"Ctla2b",0.00132543686921894,-0.110508222974105,0.233,0.346,1
"Ypel2",0.00133400699001939,0.0859373685887728,0.169,0.12,1
"Nfkbiz",0.00133462472512331,0.102625393255761,0.214,0.169,1
"Trmt10c",0.00133937216423194,-0.0678938707513825,0.051,0.105,1
"H2-M3",0.00134252460819182,-0.0851434800047336,0.118,0.2,1
"Psmb4",0.00134844290208329,-0.10178574727694,0.498,0.622,1
"Gm12353",0.00135171479571889,0.0815534144319169,0.132,0.086,1
"Klhl2",0.00137693935732132,0.108452426554029,0.483,0.482,1
"Nid1",0.00137703576557204,0.104189500806843,0.242,0.19,1
"Agtpbp1",0.00138189040800264,0.0975389446224423,0.239,0.193,1
"Mrps18c",0.00138331156406001,-0.0991296463534792,0.255,0.351,1
"Cers2",0.00138846831807999,-0.101000680787812,0.28,0.391,1
"Wdr83os",0.00138878678513563,-0.0986724951160499,0.22,0.33,1
"Prkn",0.00139141964160251,0.0905246155426735,0.115,0.074,1
"Hlcs",0.00139149796721969,0.0869929460645751,0.143,0.113,1
"Sfswap",0.00139432273586465,0.103208825094637,0.301,0.254,1
"Med25",0.00139453835863458,-0.0760507391249994,0.087,0.153,1
"Sumo3",0.0013964459475926,-0.10486215400983,0.278,0.398,1
"Spopl",0.00139751611247028,0.0964794332199929,0.224,0.184,1
"Rabif",0.00139752080407272,-0.0700081709034299,0.071,0.139,1
"Slc25a12",0.00140840145327071,0.0868995706147206,0.188,0.136,1
"Ppp2r1a",0.00141122817300347,-0.10053772731193,0.258,0.357,1
"Cwf19l2",0.00141378143663743,-0.107877500670761,0.325,0.446,1
"Exosc1",0.00142736810015204,-0.0830349739696772,0.106,0.177,1
"Cacul1",0.0014287270679237,0.0959007215120155,0.222,0.17,1
"Pin4",0.00142987715891446,-0.098007332213125,0.194,0.31,1
"Ddt",0.00143684752719009,-0.0875579587577681,0.144,0.215,1
"Stom",0.00143783903495596,-0.107213799022762,0.346,0.476,1
"Arhgap5",0.00144193887981158,0.0984632897045854,0.688,0.677,1
"Aarsd1",0.00145321001860138,-0.092132209751804,0.168,0.258,1
"Brip1os",0.00145624730678158,0.0929635636374061,0.191,0.15,1
"Smarcc1",0.00146211066405674,0.103366909864512,0.273,0.228,1
"Akt1",0.00147243058917141,-0.101285894205388,0.286,0.405,1
"Pak4",0.00147534194996301,-0.0827998776316541,0.121,0.2,1
"Tnfrsf1b",0.00148709405167321,0.0792901401195477,0.155,0.113,1
"Bcl2",0.00149449962631032,0.0916488420489279,0.146,0.11,1
"Trnt1",0.00149791554413134,-0.0864511406349565,0.14,0.215,1
"Mcu",0.00149938786085539,0.0882080818632081,0.177,0.14,1
"Plekha5",0.00150368104959448,0.107430717944473,0.323,0.296,1
"Drg2",0.00150904703922095,-0.0702810880371684,0.064,0.127,1
"Tsga10",0.00152311062194538,0.072378634742282,0.109,0.069,1
"Txlna",0.00153273033159193,-0.0931946356891551,0.193,0.29,1
"Prorsd1",0.00153511248158123,-0.0817177201530869,0.113,0.183,1
"Tceal9",0.00154812465943907,-0.110086979155931,0.483,0.586,1
"Zbtb22",0.00155336878886895,-0.0644926042179659,0.056,0.116,1
"Slc25a11",0.00158019079113912,-0.0902241695642758,0.174,0.259,1
"Ppp1r15a",0.00158845226557838,-0.103998494804366,0.177,0.258,1
"Fam117b",0.00159613089543349,0.111895134817382,0.419,0.405,1
"Nap1l4",0.00159862503219201,-0.104478989562194,0.447,0.565,1
"Sms",0.0016044747604801,-0.0862870375444519,0.134,0.207,1
"Nf2",0.00162012392821319,0.0978598145306361,0.256,0.211,1
"Atg16l2",0.00162221070244291,0.0818190455168234,0.135,0.099,1
"Ap2s1",0.0016230154795685,-0.100169584777721,0.309,0.428,1
"Tceal8",0.00162367268233282,-0.0891012524165407,0.144,0.241,1
"Tank",0.00162678841130855,0.0868040298290814,0.141,0.109,1
"Eps8l2",0.00162986180763068,-0.113483205092199,0.433,0.534,1
"Inpp1",0.00163849752983811,-0.10349945365296,0.27,0.385,1
"Ass1",0.00165333212428843,-0.0717196821992916,0.059,0.115,1
"Map3k1",0.00165772844720489,0.106948839128132,0.523,0.516,1
"Camk2d",0.00166310683030562,0.107999873073996,0.477,0.465,1
"Pced1b",0.00166601983535261,0.101129425938032,0.253,0.208,1
"Chmp3",0.0016802236234884,-0.0982712695428154,0.616,0.722,1
"Tpgs1",0.00168805498383505,-0.0903684075143395,0.138,0.237,1
"Ccdc59",0.00169211361699764,-0.103614478844332,0.334,0.449,1
"Gas6",0.00169448742302943,-0.105901403365829,0.503,0.616,1
"Ylpm1",0.0016952916059642,0.102780596207269,0.349,0.299,1
"Slc38a3",0.00169720600500212,-0.110743255232795,0.363,0.472,1
"Traf5",0.00170139458914321,-0.102279324196354,0.267,0.373,1
"Tfdp1",0.00170529487033787,-0.0629573619003235,0.053,0.112,1
"Gar1",0.00170579474990172,-0.0792921659133709,0.11,0.187,1
"Dgcr6",0.00170632569302692,-0.0905428054578994,0.188,0.278,1
"Romo1",0.00170662252708181,-0.104884278903772,0.351,0.47,1
"Pdzd8",0.00171536202505312,0.10429898446161,0.337,0.306,1
"Arhgap20",0.00171807170943246,0.0924101584435774,0.165,0.119,1
"Prpf8",0.00171868229821278,0.103593280385501,0.346,0.319,1
"Pdia4",0.00172553567186905,-0.0949452025039943,0.222,0.327,1
"Nelfe",0.00172645182230641,-0.0864207743954213,0.129,0.211,1
"Ankrd6",0.00172698257646169,0.0923476165888585,0.18,0.133,1
"Adipor2",0.0017360554564661,0.0981807201558866,0.693,0.745,1
"Fbxo7",0.00174403747962252,-0.0976154192609747,0.23,0.337,1
"Rabep1",0.00175787919955279,0.108387982644876,0.498,0.48,1
"Pelo",0.00176215002847766,-0.0760785773158635,0.096,0.17,1
"Fam89b",0.00176227991639825,-0.0877425722746946,0.155,0.242,1
"Qdpr",0.00176430200041904,-0.0976644354967747,0.234,0.346,1
"Strada",0.00178051924347007,0.0722316913311002,0.106,0.061,1
"Psap",0.00178392603349186,-0.0936931908880616,0.607,0.732,1
"Sar1a",0.00181405310948031,-0.101049468941656,0.297,0.422,1
"Napa",0.00183041441045848,-0.0961228371022476,0.231,0.334,1
"Sigirr",0.00183092423325067,-0.0962845695400741,0.267,0.367,1
"Cblb",0.00185169585570813,0.0812863035233296,0.144,0.106,1
"Stoml2",0.00186523832892794,-0.0860135430894537,0.151,0.245,1
"Ndufs4",0.00186742404912391,-0.10121935697158,0.396,0.531,1
"Cnep1r1",0.0018749941958619,-0.0913787220587562,0.207,0.295,1
"Foxf1",0.00187908354074224,-0.0833072946344816,0.099,0.19,1
"Dnal4",0.00188245488190527,-0.0722596478876742,0.082,0.153,1
"Yeats2",0.0018833385009014,0.0904691531284451,0.2,0.164,1
"Dohh",0.00188407672218654,-0.0857332651801062,0.134,0.218,1
"Zfp87",0.00188990761449951,-0.0648749743812013,0.047,0.102,1
"Pmvk",0.00190711706138997,-0.088020944859604,0.151,0.252,1
"Xpnpep3",0.00190880756460505,0.0698480457300458,0.102,0.065,1
"Ranbp1",0.00191204088406003,-0.101808287812886,0.432,0.545,1
"Vamp7",0.00191723973203348,-0.0855121454503908,0.151,0.239,1
"Arid5a",0.00192256154688305,-0.0746601421112543,0.078,0.14,1
"Mir99ahg",0.00192939756097834,0.0929354212480633,0.112,0.082,1
"Utp20",0.00192970231052077,0.0690663202773627,0.104,0.061,1
"Trim33",0.00194354508537296,0.104930499552404,0.38,0.348,1
"Hmgxb3",0.00194853571092286,0.0786421618928151,0.138,0.108,1
"Stx8",0.00195517918784975,0.103121789771353,0.363,0.35,1
"5330438D12Rik",0.00195898520673514,0.0879475169589814,0.191,0.142,1
"Prdx4",0.00197258711568096,-0.098236635092626,0.27,0.37,1
"Xpo6",0.00197650332473177,0.0809424150809351,0.163,0.118,1
"Kdm2b",0.00197938146117449,0.0754480112174606,0.113,0.086,1
"Pcm1",0.00198257932339321,0.0994918083287879,0.607,0.632,1
"Iah1",0.00198403130753313,-0.0781325202521507,0.11,0.178,1
"Frs2",0.00198952376147177,0.0929341791803361,0.258,0.211,1
"Trip11",0.00199690812804227,0.104508350797323,0.494,0.455,1
"Kat5",0.00200247331145842,-0.0707370275485782,0.084,0.149,1
"Cisd2",0.00200311607215761,-0.100211091986816,0.255,0.357,1
"Hnrnph3",0.00200540611252044,-0.10156761147713,0.407,0.547,1
"Nr2c2",0.00200606487660707,0.101929453432122,0.293,0.259,1
"Chd1l",0.00201149773217972,0.0685292472647047,0.123,0.081,1
"Nup98",0.00202115509712789,0.0977440844936607,0.312,0.28,1
"Abi2",0.0020222927310965,0.0887602034932685,0.179,0.142,1
"Arl6ip4",0.00202608261486758,-0.0946316748267877,0.185,0.275,1
"Gnb1",0.00202830221059716,-0.0758048281671546,0.79,0.885,1
"Zbtb10",0.00203733167095719,0.09210674189084,0.199,0.156,1
"Eya3",0.0020383813482089,0.086639205472428,0.224,0.183,1
"Smox",0.0020423395965477,-0.0934197355716429,0.16,0.241,1
"Kctd2",0.00204609740427237,-0.0842781883944184,0.149,0.224,1
"Nsd2",0.00205394404407023,0.0917106370861976,0.22,0.181,1
"Stk19",0.00205698322144017,-0.08336658089784,0.141,0.22,1
"Tmem131",0.00207133933217389,0.102362901533825,0.354,0.322,1
"Mrs2",0.00207309338288972,0.081967579177229,0.177,0.133,1
"Zfyve21",0.00208476511952323,-0.0620855428888466,0.054,0.11,1
"Serbp1",0.00209913228064857,-0.0763028803322983,0.797,0.884,1
"Jpt1",0.00210504640446935,-0.0707411593327086,0.079,0.143,1
"Rgs12",0.00211399777611293,-0.0965399088948712,0.589,0.698,1
"Gls",0.00211538678719608,0.102926080472384,0.502,0.472,1
"Stxbp4",0.00212366544411863,0.0739399086673198,0.113,0.079,1
"Rarg",0.00212761483735806,-0.091590782813994,0.203,0.3,1
"Lmtk2",0.00213735842486204,0.0831247946258714,0.174,0.139,1
"Clasp1",0.00213782502439201,0.100437556498806,0.362,0.326,1
"Smim11",0.00214202470663834,-0.0993284010898908,0.32,0.441,1
"Plgrkt",0.00215208809480684,-0.0864288089960389,0.154,0.245,1
"Slf2",0.0021529345968208,0.0912781952865599,0.241,0.204,1
"2700049A03Rik",0.00215503678103081,0.0785886452034815,0.134,0.095,1
"Abcc9",0.00215861604907285,0.115759839849459,0.208,0.181,1
"C2cd3",0.00216792910199418,0.0765583880381282,0.148,0.101,1
"Ubr7",0.00217698327929958,-0.0890599494341165,0.188,0.275,1
"Dcun1d2",0.00218191630760344,0.07515864674402,0.143,0.099,1
"Itga6",0.00219416653129684,0.081300469885917,0.823,0.858,1
"9330175M20Rik",0.00219965326681527,-0.0936737236001715,0.165,0.237,1
"Foxo3",0.00220059875063335,0.0867652789321647,0.2,0.154,1
"Slf1",0.00220447040620577,0.0882086932986282,0.177,0.129,1
"Spag7",0.0022076752717411,-0.0966160122092786,0.264,0.373,1
"Uba5",0.00220823814083851,-0.0940534420302411,0.194,0.3,1
"Cdc27",0.00221183355775064,0.0959003101700798,0.25,0.21,1
"Tmem98",0.00221567789834445,-0.0775198131313772,0.085,0.152,1
"Acaa1a",0.00221577797881283,-0.0924850539900694,0.23,0.339,1
"Tnfsf12",0.00221665008974606,-0.101981647378029,0.315,0.436,1
"Sned1",0.00222102063401426,0.0757685536662605,0.135,0.095,1
"Cachd1",0.00222806807088059,0.102365085562633,0.303,0.275,1
"Slc25a20",0.00222900398003039,0.0792463513247091,0.148,0.109,1
"Wdfy2",0.0022313385540065,0.0716055806915994,0.109,0.078,1
"Rex1bd",0.00223994685063031,-0.0979839162887166,0.286,0.388,1
"Map3k8",0.00224751272135808,-0.094316458303134,0.182,0.269,1
"Fam189a2",0.00225047022822233,0.0696443747466833,0.121,0.078,1
"Map3k7",0.00227426021010579,0.0941680208894558,0.252,0.205,1
"Nr1d2",0.0023165449455833,0.101146294766124,0.359,0.324,1
"Sort1",0.00232113978344047,0.0984218654993547,0.287,0.241,1
"Paxx",0.00232529080325524,-0.0742313231623062,0.076,0.142,1
"4930453N24Rik",0.00232574611586788,-0.0874018565523023,0.175,0.269,1
"3110056K07Rik",0.00233280995174088,-0.0696090095440255,0.068,0.123,1
"Adgra3",0.00233656506656093,0.0761065400275608,0.154,0.112,1
"Sp4",0.00234576437544544,0.082204530356314,0.163,0.123,1
"Anp32a",0.00235613080379418,-0.0863360656785523,0.697,0.805,1
"Smc1a",0.00235836161299665,0.0953910756938304,0.666,0.649,1
"Sobp",0.00236680359165149,0.0842524331156264,0.151,0.11,1
"Lsm8",0.00237326482538474,-0.0923276758280578,0.196,0.275,1
"Hivep1",0.00238076909832621,0.10392555887193,0.398,0.348,1
"Tmx1",0.00240602423508223,-0.0877347722723409,0.189,0.283,1
"Pak2",0.00240812515812076,-0.0854171516578339,0.686,0.793,1
"Napg",0.00240968722656396,-0.0908703343414015,0.186,0.289,1
"Zc3h13",0.00241175982110195,0.103329650131563,0.502,0.475,1
"Tmem44",0.00241698445932569,0.0945092152783131,0.267,0.227,1
"Spg21",0.00241927600296849,-0.0774250169434982,0.118,0.191,1
"Slx4ip",0.00242427840356671,0.0754853978169435,0.118,0.082,1
"Tgfb1",0.0024259552968155,-0.094838044224784,0.234,0.336,1
"Phactr1",0.00243923120047579,0.105976556459675,0.494,0.477,1
"Atl3",0.00244324257809858,0.0998451858840698,0.416,0.375,1
"Mknk2",0.00244539127088144,-0.0956104419285422,0.227,0.33,1
"Pde2a",0.00247212223749425,-0.0991638877301435,0.55,0.68,1
"Emc2",0.00247516926790981,-0.102837582384938,0.309,0.432,1
"Zfp931",0.00249252815454352,-0.0636673616297558,0.057,0.12,1
"Lzts2",0.00249846461139051,-0.0917136786121713,0.196,0.29,1
"Terf2ip",0.0025005440081595,-0.0784021512502841,0.109,0.181,1
"Oat",0.00250452406504685,-0.0758156311522831,0.095,0.157,1
"Zmat5",0.00252878308118211,-0.0819102081836044,0.135,0.217,1
"Ifit3b",0.00253235735924631,-0.0818039243451117,0.089,0.161,1
"Ick",0.00255439201154018,-0.0994309316490914,0.449,0.588,1
"Utp11",0.00257692593667375,-0.0991883641238651,0.3,0.402,1
"BC003965",0.00259932486047735,-0.0785160372919625,0.115,0.19,1
"Ckap5",0.00260317143873499,0.100558803988556,0.366,0.34,1
"Pradc1",0.00260600773666674,-0.0791288753788874,0.118,0.188,1
"Spaca6",0.00261937475016715,0.0792711113356593,0.174,0.126,1
"Nceh1",0.00261966304971285,0.0810141693107094,0.168,0.129,1
"Eef1akmt2",0.00262231155750049,-0.0589996792722664,0.051,0.103,1
"Ephx1",0.00262567650858465,-0.100225033064878,0.387,0.494,1
"Ssu72",0.00264186369365974,-0.0975020304374319,0.443,0.555,1
"Pcf11",0.00264481533356373,0.0943581582984597,0.28,0.232,1
"Kif3a",0.00265921117709138,-0.0800382420019022,0.098,0.174,1
"Smim7",0.00266014241775233,-0.0926981441384253,0.205,0.317,1
"Cars2",0.00266512387372025,-0.0663794282000108,0.068,0.132,1
"Osbpl11",0.00266609312521128,0.0862986353088745,0.197,0.157,1
"Txn1",0.00268250928351706,-0.0842974836615846,0.705,0.819,1
"Ndufs6",0.00268847265347154,-0.100025097143646,0.359,0.473,1
"2610035D17Rik",0.00269305440844249,0.0870517978052532,0.188,0.144,1
"Plpbp",0.00271876724450195,-0.0777613379830856,0.115,0.187,1
"P2rx4",0.00272238090750563,0.066365800070333,0.116,0.076,1
"Fez2",0.0027229236888816,-0.0957690234138785,0.253,0.364,1
"Mob2",0.00272308263152416,-0.0965537155092163,0.332,0.439,1
"Zc3h7b",0.00272746927366839,0.0921513540173733,0.252,0.221,1
"Gtf2h5",0.00273847914385105,-0.0991910676514145,0.36,0.48,1
"Zmym4",0.00275014975524328,0.100872189049926,0.439,0.416,1
"Snx6",0.00275253183051813,-0.0990444666947499,0.425,0.533,1
"Yes1",0.00276042627374305,0.102730323102959,0.384,0.358,1
"Ttc17",0.00276476121741852,0.0937667905803241,0.239,0.211,1
"Rusc1",0.00277270787964258,-0.0777564269813326,0.102,0.176,1
"Gkap1",0.00279760378732237,-0.101075666592256,0.329,0.419,1
"Cog8",0.00281533896031144,-0.0849412312568903,0.137,0.225,1
"Mgst1",0.00281818900875689,-0.0967757863136803,0.234,0.323,1
"Upp2",0.00282291458295411,0.104903075938973,0.281,0.263,1
"Leng1",0.00282539763470033,-0.0724551620299264,0.087,0.157,1
"Sp1",0.00282893002446607,0.100028320695596,0.363,0.336,1
"Wdr74",0.00283702414931044,-0.0584889592026934,0.059,0.11,1
"Ctsz",0.00285573896870697,-0.0961444866038427,0.317,0.441,1
"Notch3",0.00285718245277048,0.080105386358729,0.118,0.081,1
"Tmcc1",0.00286207936751111,0.107368014544696,0.46,0.442,1
"Purb",0.00286700497910034,-0.0853690983672687,0.658,0.795,1
"Nfix",0.00286718981783068,-0.097916142296429,0.318,0.421,1
"Pkd2",0.00287138487302342,0.0953891608313743,0.329,0.279,1
"Fkbp7",0.00288774425142259,-0.0774048194696075,0.104,0.177,1
"Hnrnpa1",0.00291273391981728,-0.0981574023190159,0.351,0.462,1
"Sec11c",0.00292445689879,-0.0962978033174167,0.284,0.375,1
"Heatr5a",0.00293828482559252,0.100247413271009,0.371,0.329,1
"Borcs8",0.00293893131748259,-0.0600588937430499,0.059,0.116,1
"Shroom1",0.00294395764816568,-0.0838838472735009,0.158,0.237,1
"Dnttip2",0.00294494774845528,-0.0985232560532175,0.273,0.401,1
"Mcm3ap",0.0029515484166052,0.0670678443403509,0.123,0.081,1
"1110012L19Rik",0.0029657848831783,-0.0633382688504106,0.059,0.116,1
"Snapc3",0.00296998996989353,0.0823068185689789,0.193,0.16,1
"Eif4b",0.00298234803171164,-0.0960472148884849,0.295,0.405,1
"Agk",0.00298304375548113,0.0777594265277622,0.155,0.119,1
"Cep290",0.00299406491558189,0.0906968702388391,0.154,0.109,1
"Mrpl16",0.0029961933607639,-0.067535242120648,0.084,0.149,1
"Eif2ak3",0.00300671757983913,0.0671637809525966,0.126,0.089,1
"Mtx1",0.00300767402594975,-0.0757397342065891,0.118,0.193,1
"Arhgef28",0.00304623579625745,0.103092293005111,0.446,0.422,1
"Pogz",0.00304900610678254,0.082432298269147,0.171,0.125,1
"Prdm10",0.00305294035778039,0.0743972561439421,0.12,0.084,1
"Rfk",0.00305814892640796,-0.0967791867375278,0.301,0.408,1
"Ppp6c",0.00306247624264004,-0.0919304596523276,0.244,0.354,1
"Tia1",0.00306701888818089,0.090208049409443,0.247,0.208,1
"Prdx3",0.00308107633183739,-0.0759312537159276,0.11,0.187,1
"Snrnp70",0.00309088591167308,-0.096884016865546,0.433,0.541,1
"Ppp1r12c",0.00310567055195988,-0.0925045961902415,0.214,0.316,1
"Psmd3",0.00313099479339877,-0.0893864683724135,0.225,0.317,1
"Tspyl1",0.00313430327097042,-0.0834599091988252,0.163,0.239,1
"Zfx",0.00314241165449044,0.0947548340117697,0.3,0.272,1
"Tbc1d8",0.00315041291530799,0.0719933048266168,0.126,0.098,1
"Hsbp1",0.00315732389000215,-0.0966331874875064,0.443,0.576,1
"Sppl2a",0.00315951906344236,0.094589720872637,0.615,0.601,1
"Flnb",0.00316309045832829,0.0883723436773998,0.705,0.735,1
"Mrpl14",0.00316347790614259,-0.0886430005346787,0.225,0.32,1
"Gps1",0.00316980874063401,-0.0857524617262538,0.203,0.307,1
"Sept11",0.00317006149486759,0.0913824424802993,0.689,0.674,1
"Hmcn1",0.00319166184625234,0.134345165007649,0.495,0.473,1
"Cdc23",0.00319857520756533,-0.0850376386243614,0.134,0.212,1
"Wrn",0.00320227675263602,0.0959014507817711,0.266,0.239,1
"Wbp2",0.00321232289458221,-0.0926987641683027,0.258,0.36,1
"Aig1",0.00321775513475713,0.10510669800391,0.393,0.37,1
"Usp31",0.00322061801306674,0.0724465261879935,0.129,0.095,1
"Taf1d",0.00322195527590444,-0.0832924053935879,0.155,0.232,1
"Keap1",0.00322277073289834,-0.094577517179401,0.269,0.381,1
"Abcf3",0.00324004962200343,-0.0690824553865816,0.087,0.146,1
"Ccdc90b",0.00324191464604114,-0.088789650381465,0.169,0.272,1
"Kctd6",0.00324583648928084,-0.0633208969784924,0.064,0.13,1
"Pxdc1",0.00324586225801347,-0.0869486858105999,0.188,0.269,1
"Tasp1",0.00325092253827089,0.0795903975388964,0.129,0.105,1
"Rbms3",0.00325413838387077,0.0816695963234598,0.109,0.085,1
"Hsp90b1",0.00325546813888427,-0.0675074192467866,0.854,0.916,1
"Hnrnpl",0.00327168085305446,-0.0953795578883766,0.311,0.422,1
"Gtf2ird1",0.00329111977104613,-0.0877561258592335,0.186,0.279,1
"Taf10",0.00329409379784685,-0.0955521751491419,0.371,0.496,1
"Cep83",0.00329492146665847,0.0983151384369436,0.365,0.32,1
"Pir",0.00329874225941964,0.101495593160322,0.484,0.493,1
"Il17rc",0.00330003107606229,-0.0593102880512013,0.07,0.119,1
"Fam120a",0.00330475979411621,0.0967002528946582,0.45,0.422,1
"Srpr",0.00334501346161713,-0.0920771090689203,0.568,0.691,1
"Prkag1",0.00337161473957929,-0.0900814744924274,0.231,0.323,1
"Dip2a",0.00337979412375595,0.0814535552936245,0.194,0.154,1
"Susd6",0.0033842917134185,0.100018805453693,0.48,0.47,1
"Bche",0.00338583228171308,-0.0855985925537842,0.148,0.228,1
"Tada2a",0.00339279156611825,-0.0791629852224749,0.129,0.204,1
"Nr6a1",0.0034252182264125,0.0879435830211895,0.161,0.127,1
"Sipa1l2",0.00346062455735661,0.0972828228060273,0.394,0.358,1
"Zfpm1",0.00346400617953541,-0.0897009017971605,0.196,0.286,1
"Idnk",0.00348025955589999,-0.08450153791467,0.165,0.241,1
"Ppp5c",0.00351649632324432,-0.0798416455739083,0.124,0.205,1
"Rbmxl1",0.00351981322884906,-0.0839664789398314,0.169,0.258,1
"Khdrbs1",0.00353953176528772,0.0949600440641629,0.422,0.387,1
"Gm49797",0.00354341206073979,0.0702008652136813,0.124,0.088,1
"Gm15614",0.00356207777655807,0.077101951612165,0.144,0.105,1
"Tmtc3",0.00357658953551566,0.0746898714475732,0.146,0.115,1
"Sntb2",0.00361377229439508,0.0930922750510297,0.236,0.212,1
"St8sia6",0.00361854512758335,0.105666057384762,0.516,0.501,1
"Ppil2",0.00361997620273381,-0.0818468831468628,0.148,0.229,1
"Atg3",0.00366044781837253,-0.0910472727284878,0.217,0.307,1
"Senp1",0.00366527220439646,0.0868562223680736,0.234,0.194,1
"Exosc5",0.00367061651277518,-0.07389071226726,0.098,0.18,1
"Glul",0.00367396712563563,-0.078767389496692,0.82,0.907,1
"Mpp5",0.0036802406502444,0.0970678368996442,0.332,0.299,1
"Lims1",0.00368245980738432,0.0972633187110261,0.562,0.561,1
"Eloa",0.0036943826627845,-0.0862064404478945,0.194,0.279,1
"Cacna1a",0.00369926765598216,0.100215661135954,0.362,0.341,1
"Senp7",0.0037017473862763,0.0965443613882842,0.342,0.282,1
"Sec24b",0.00371140322882507,0.0941952006346232,0.331,0.312,1
"Fut8",0.00372469415759167,0.0914021387161867,0.722,0.734,1
"Sfmbt1",0.00373688056721851,0.081026458246502,0.169,0.133,1
"Syngr2",0.00374111579922749,-0.0809396921743494,0.165,0.259,1
"Abcb7",0.00376401669199055,0.0911136390282824,0.23,0.188,1
"Srrt",0.00376976842730671,-0.0868976382230734,0.202,0.293,1
"Tmem242",0.00377979101150737,-0.0720954139715956,0.102,0.164,1
"Memo1",0.00378138897168856,0.0819129809443657,0.193,0.15,1
"Ypel5",0.00381271066953922,-0.0807332775927135,0.161,0.242,1
"Mrpl50",0.00381282612134671,-0.0735517313699921,0.101,0.176,1
"Ushbp1",0.00381915871955062,-0.0910516896493934,0.553,0.671,1
"Aftph",0.00382683348940434,0.0963431843701251,0.45,0.426,1
"Rnf217",0.00382720840287574,0.0843477499314248,0.166,0.135,1
"Timp3",0.00383272723432024,-0.0742776365281586,0.876,0.921,1
"Vps13c",0.00388044416852149,0.0931396192252668,0.304,0.273,1
"Ecpas",0.00388177766005768,0.0970140461943806,0.351,0.33,1
"Uqcrc1",0.00389626292783794,-0.0927005732703354,0.283,0.39,1
"Ciao1",0.00390096316591894,-0.0777694814476912,0.134,0.211,1
"Ntn1",0.00391543478787421,0.0906711645856753,0.217,0.188,1
"Rbms1",0.00391655811251819,0.0698716243240582,0.842,0.877,1
"Exosc8",0.00391902285541097,-0.0793320402363954,0.126,0.198,1
"Rps6kb1",0.00392593638742756,0.0966178445038494,0.337,0.3,1
"Mdn1",0.00394930638740681,0.0688311747855969,0.116,0.085,1
"Mrpl33",0.00394989756744426,-0.0949045780209989,0.292,0.407,1
"Maff",0.00395223863164992,-0.0743902401384897,0.093,0.163,1
"Mfn1",0.00395424035479529,0.0829674724295351,0.22,0.176,1
"Ivns1abp",0.00395676930989665,0.106503563086626,0.258,0.222,1
"Eif3j1",0.00396818355208526,-0.0949001110437501,0.343,0.45,1
"Ncor1",0.00399110556732023,0.0780354850990148,0.795,0.792,1
"Rcor1",0.0039982493567755,0.0964186657453455,0.335,0.306,1
"Eif2s1",0.00400050520827641,-0.0877361791761161,0.233,0.33,1
"Zfp91",0.004016689670943,-0.0950191956896289,0.514,0.625,1
"Atxn7",0.00402312031916987,0.0959167002589089,0.356,0.32,1
"Thap7",0.00404567485084844,-0.0685204657228356,0.092,0.16,1
"Maz",0.00405117506667258,-0.0799357882476164,0.157,0.235,1
"Lztfl1",0.0040517849143375,-0.0888977029385646,0.197,0.286,1
"Trim25",0.00405332867134267,0.0977431269517612,0.382,0.35,1
"Esco1",0.00405808065234994,-0.0920699248631468,0.238,0.334,1
"Usp22",0.00406207090989116,-0.0764568916826414,0.127,0.201,1
"Dnajc5",0.0040629892343127,0.0947428758332324,0.349,0.306,1
"Slc38a9",0.00406708338635346,0.0890791869059176,0.21,0.173,1
"Sil1",0.00409559101699365,0.0782947005022953,0.154,0.122,1
"Snf8",0.00413081740172215,-0.0891053166047416,0.28,0.384,1
"Babam1",0.0041338633938056,-0.0840118535050295,0.191,0.286,1
"Ncor2",0.00414447386987424,0.0950987570531253,0.371,0.329,1
"4930522L14Rik",0.00414782196010905,-0.0606439471025025,0.062,0.11,1
"Usf3",0.00415090233264981,0.084315135412329,0.222,0.177,1
"Galnt10",0.00418489525189348,0.0657574431058161,0.109,0.076,1
"Erg28",0.00419761176995984,-0.0797996510832656,0.149,0.229,1
"Rab10",0.00421029429869603,0.0915064769929103,0.596,0.62,1
"Kcnq1",0.00421221053582629,0.0856198122564858,0.186,0.166,1
"Iqcb1",0.00421370241265038,0.0721983261929445,0.129,0.091,1
"Scamp1",0.00422004007319916,0.0930434640743265,0.394,0.371,1
"Ets2",0.00422175541431214,0.0985928101332025,0.408,0.385,1
"Cflar",0.00423167322253394,0.0946908884123234,0.455,0.424,1
"Tbc1d9b",0.00424047953965986,0.089083058880923,0.29,0.261,1
"Supt4a",0.00424847206139772,-0.0905325525160882,0.312,0.412,1
"Slc9a1",0.00425395300082843,0.0750804145336156,0.14,0.109,1
"Cstf3",0.00425825440824575,0.0873703564640935,0.241,0.201,1
"Msh3",0.00426925183717296,0.0749744130824724,0.161,0.125,1
"Birc6",0.00428262565405355,0.0892606071383665,0.63,0.633,1
"Apex2",0.00428381492285991,0.0688175985665019,0.118,0.088,1
"Osbpl10",0.00433003962791111,0.0649858099178634,0.12,0.081,1
"Ipo11",0.00437210888821363,0.0915879338875499,0.255,0.222,1
"Ybx3",0.00437323490853012,-0.090042221469626,0.53,0.666,1
"Sec22b",0.00437910336712073,-0.0789864775279932,0.168,0.239,1
"Ciao2a",0.00440013987996728,-0.0784873626424411,0.14,0.217,1
"9530068E07Rik",0.00440842671390606,-0.0818966394137762,0.189,0.268,1
"Extl3",0.00440961351967545,0.0970777957193767,0.531,0.52,1
"Asb13",0.00441680559518165,-0.0664654110152164,0.092,0.154,1
"Rasgrp3",0.00442747559540313,0.0851511993196425,0.724,0.751,1
"Chmp2b",0.0044298804911564,-0.0951013295986515,0.335,0.439,1
"Pfkl",0.00443017353886558,-0.0834707908680219,0.161,0.237,1
"Zc3h7a",0.00443340221370408,0.0942856191780348,0.379,0.346,1
"Crebzf",0.0044341386176985,-0.0824287809644398,0.186,0.269,1
"Cbfb",0.00444015490934,0.0894466719278539,0.266,0.239,1
"Tpm3",0.00445480944460648,-0.0756350909540091,0.744,0.858,1
"Mcfd2",0.00445522172635289,-0.0878043124329627,0.217,0.32,1
"Eny2",0.00445872906940506,-0.0885347202471787,0.225,0.33,1
"Ttc14",0.00446825882991578,0.0960400017259043,0.393,0.365,1
"Mtus1",0.00448578194983647,0.0814325042397219,0.739,0.786,1
"Auts2",0.00449362503330491,0.0959813388830271,0.269,0.237,1
"Ccdc157",0.00451238595968801,0.0654726167217529,0.116,0.075,1
"Aph1a",0.00453804250947845,-0.0899428631596056,0.252,0.36,1
"Slc25a23",0.00457362802783673,0.0605516592854394,0.102,0.069,1
"Kidins220",0.00457622525279543,0.0938707929778038,0.394,0.373,1
"Kifap3",0.00458643760211918,0.0939937156108559,0.323,0.306,1
"Bag1",0.00459114018448176,-0.0939611445434215,0.444,0.534,1
"Spats2",0.00460403467891186,0.0758804447580758,0.163,0.119,1
"Dync1li2",0.00462613001007228,-0.0939312626089103,0.399,0.504,1
"Snip1",0.00462772824836789,-0.0590812427488862,0.062,0.113,1
"Spg11",0.00462841711940216,0.0676645853014999,0.115,0.082,1
"Tmem176b",0.00464284349282877,-0.0984649368074134,0.345,0.446,1
"Sipa1l1",0.00464428250614788,0.0817567853489089,0.213,0.174,1
"Ripk1",0.00465509793093018,0.0899902203168186,0.304,0.265,1
"Relch",0.00465532017202815,0.0914479897576853,0.311,0.278,1
"Pdzd11",0.00465978672974718,-0.0841852079822475,0.193,0.282,1
"Stxbp3",0.00466524883934488,-0.0877841308078917,0.231,0.314,1
"Fgd6",0.00467446662669455,0.0916389604368979,0.335,0.313,1
"Entr1",0.00468197262397961,-0.0759075232306327,0.143,0.215,1
"Cox20",0.00469144734313745,-0.0850472406243397,0.175,0.261,1
"Nxt1",0.00469394021214871,-0.0700490915588095,0.112,0.176,1
"Rprd2",0.00470279952647186,0.0901073382746446,0.289,0.259,1
"Vkorc1l1",0.00473486027470278,0.0878782581951716,0.231,0.205,1
"Neu1",0.00474292013758891,-0.0608284833478012,0.062,0.118,1
"Cdc42ep5",0.00475784156073349,-0.0676204696431334,0.096,0.161,1
"Gtpbp6",0.00477971596411779,-0.0621840499728742,0.071,0.13,1
"Klhdc8b",0.0047836182447516,-0.0670286231789565,0.075,0.133,1
"Kdsr",0.00480403451433097,-0.0722117126854728,0.11,0.187,1
"Vta1",0.00481221794950615,-0.0860328895472751,0.217,0.306,1
"Noct",0.00481894462180354,-0.0630923175514886,0.071,0.13,1
"Nsmce3",0.00482070204038086,-0.0784798820565366,0.14,0.225,1
"Git2",0.00482217142557657,0.0895607531359036,0.607,0.613,1
"Slc25a33",0.00482567777967602,-0.0734017265098751,0.095,0.171,1
"Ndufb2",0.0048550429469473,-0.0935597701101233,0.334,0.459,1
"Taz",0.004887017602672,-0.0713350435901287,0.115,0.191,1
"Ttll5",0.00489151849742889,0.0769747375257509,0.163,0.125,1
"Ilf2",0.00489232377344923,-0.0811407519549011,0.172,0.255,1
"Ruvbl1",0.0049090295585209,-0.0769935374933589,0.14,0.225,1
"Zfas1",0.00491415569491788,-0.0693194623927267,0.098,0.164,1
"Naa80",0.00492631146585559,-0.0588014145872649,0.073,0.125,1
"Sparcl1",0.00494147851397003,-0.0706347825546283,0.868,0.921,1
"Pex3",0.00494292612471996,-0.0883946540472187,0.214,0.302,1
"Sema6d",0.00494381359408768,0.0890939491015234,0.238,0.201,1
"Tomm40",0.00495082937123029,-0.0768767145154365,0.154,0.235,1
"Smad1",0.00496543854492837,0.0948267711256003,0.34,0.299,1
"Ssbp1",0.00498152253008229,-0.0827946391653075,0.174,0.263,1
"Msrb1",0.00498914097188175,-0.0684374922937716,0.089,0.15,1
"Sptan1",0.00499153854104877,0.0669510959236141,0.839,0.895,1
"Gm26632",0.00501437874365781,-0.0632189381765838,0.076,0.125,1
"Kif1c",0.00503527540689977,0.094118501411237,0.37,0.353,1
"Nabp2",0.0050717871709335,-0.0787026852186991,0.141,0.235,1
"Eif1ax",0.00509328395658061,-0.090713152031937,0.278,0.375,1
"Sec24d",0.00509627249743296,0.0734250336203331,0.16,0.132,1
"Gpi1",0.00510551656147834,-0.0914927890645094,0.449,0.555,1
"Spry1",0.00511156991670399,-0.0673730847124713,0.087,0.153,1
"Parva",0.00511918012184328,0.0869617037341864,0.222,0.19,1
"Rnf216",0.00513077844953699,0.0926684276726627,0.411,0.394,1
"Prkdc",0.00515871403304142,0.0764657665355889,0.177,0.136,1
"Mtr",0.00517888534502759,0.076098457008389,0.155,0.123,1
"Uhrf1bp1l",0.0051789230532477,0.074062902873469,0.155,0.118,1
"Tmtc4",0.00518545543162334,0.0767460131788698,0.169,0.147,1
"Arhgap21",0.00518758562176378,0.0898637978917249,0.281,0.238,1
"Tapbpl",0.00518903417532743,-0.0740938632080545,0.127,0.204,1
"Mfap1b",0.00519165294555211,-0.0826882370032538,0.18,0.272,1
"Abhd14b",0.00519960920532755,-0.0663136906950501,0.092,0.153,1
"Plxdc2",0.00520422044335635,-0.0903925792779123,0.113,0.22,1
"Brd7",0.0052102492907817,-0.0914073929583714,0.292,0.401,1
"Rnf44",0.0052112274988732,-0.0786987873985412,0.157,0.237,1
"Jtb",0.00521493290028981,-0.0802806185965635,0.169,0.266,1
"Ufd1",0.00522448673984216,-0.0833454717127531,0.197,0.285,1
"Snrpf",0.0052388225085823,-0.08997543873937,0.36,0.48,1
"Map4k4",0.00523901673588358,0.0912477882834221,0.582,0.565,1
"Xdh",0.00525947000923751,0.10368330537495,0.562,0.53,1
"Rwdd1",0.0052852284046852,-0.093094732028325,0.396,0.528,1
"Impdh1",0.00529875143131293,-0.0896941763164523,0.362,0.477,1
"Maf1",0.00533239725686533,-0.0850279515160636,0.233,0.326,1
"Set",0.00534935614472139,-0.0890578437583445,0.53,0.647,1
"Akt2",0.00539062870277771,0.0655715780396298,0.123,0.088,1
"Rrp36",0.00539917511409192,-0.0702905675472771,0.104,0.166,1
"Epm2a",0.00540786168630691,0.0650701000550622,0.101,0.072,1
"Mad1l1",0.00544807416287718,0.0716460755248408,0.154,0.122,1
"Nufip1",0.00545961066591556,-0.0621517438302082,0.078,0.133,1
"Ube3a",0.00548123581505174,0.0908855864307423,0.589,0.591,1
"Zdhhc12",0.00555291284408677,-0.059762716482284,0.07,0.125,1
"Mtor",0.00556915585670413,0.0814046273526767,0.2,0.164,1
"Poc5",0.00557749927528488,0.0605594281239889,0.116,0.082,1
"Arhgap17",0.00559491163434953,0.0915463802670827,0.404,0.38,1
"Kxd1",0.00559753705009171,-0.0776380806143173,0.158,0.237,1
"Tec",0.0056029150887871,0.0988436493374359,0.337,0.3,1
"Bicra",0.00561013036487851,0.0772998268889586,0.171,0.135,1
"2610001J05Rik",0.00561178400494358,-0.0870791115939678,0.261,0.365,1
"Cse1l",0.00561287328816541,0.0716153508137002,0.174,0.132,1
"Ero1l",0.00563555726132717,-0.0764097062704362,0.141,0.217,1
"Nfkb1",0.00565808119398166,0.0923961162369651,0.405,0.385,1
"Tmem71",0.00565819597831853,-0.0680639066522882,0.092,0.14,1
"Setx",0.00565996961340232,0.0918075058222479,0.393,0.374,1
"Lmbrd1",0.00566998766313859,-0.089063509794549,0.424,0.54,1
"9930021J03Rik",0.00567566647560601,0.0970168630263371,0.362,0.343,1
"Ccnq",0.00570580889427122,-0.0598296019522314,0.067,0.126,1
"E2f5",0.00577034557649912,-0.0650025853627845,0.084,0.146,1
"Asb8",0.0058235526840383,-0.0655549243392516,0.093,0.147,1
"Tcf7",0.00583309270334733,-0.0882297141093413,0.301,0.399,1
"Cnn3",0.00583713888645318,-0.0909219551071986,0.388,0.499,1
"Msn",0.00584831369772591,0.0687412495786592,0.829,0.871,1
"Map1b",0.00584920680829589,0.0777127228089054,0.124,0.098,1
"Ankrd13c",0.00585073130936303,0.084240144535871,0.253,0.225,1
"Vat1",0.00585906708226151,-0.0898451314032374,0.441,0.533,1
"Eif3i",0.00588094305418617,-0.086342666843058,0.276,0.391,1
"Mbd3",0.00590690941703547,-0.0898867134068179,0.328,0.428,1
"Pop7",0.00591695566692068,-0.0661361463515988,0.092,0.157,1
"Mcts1",0.00592250042441688,-0.0851891212148406,0.203,0.295,1
"Ghitm",0.005922571802063,-0.0875774899496543,0.415,0.516,1
"Fbxo8",0.00592452100299423,0.0779477942599074,0.196,0.163,1
"Col4a1",0.00593636467800593,0.0708785629106135,0.835,0.875,1
"Hsd17b11",0.00594807389446772,-0.089386301146185,0.352,0.46,1
"Prkaca",0.00598802913579436,-0.0684230459732052,0.101,0.166,1
"Eea1",0.0060066886384084,0.0941571466230569,0.457,0.424,1
"Taf11",0.00600718897403132,-0.0778087176952453,0.154,0.221,1
"Jam2",0.00601867412050166,-0.075147888599965,0.733,0.851,1
"Smad4",0.00604764604704272,0.0900299204480515,0.506,0.506,1
"Eif5b",0.00605596665629395,-0.095548079878599,0.503,0.588,1
"Map4k5",0.00605923292710256,0.0855410468007298,0.248,0.225,1
"Zmynd8",0.00606806205478999,0.0912870230636922,0.34,0.299,1
"Ctnnbip1",0.00608086270546672,-0.0905948878023305,0.326,0.429,1
"Ubxn8",0.00609808332968058,-0.0604275310051551,0.075,0.12,1
"Znhit1",0.00611109157443494,-0.0833809450402186,0.188,0.271,1
"Gdi1",0.00612156433395708,-0.0826462278933064,0.258,0.35,1
"Ddx47",0.00612508207491015,-0.0791049939324807,0.146,0.222,1
"Il15",0.00612780795522481,0.0710830844059102,0.137,0.103,1
"Kank4",0.00614396816542151,0.0893815625353144,0.269,0.231,1
"4930523C07Rik",0.00614566277584602,-0.0904504691589625,0.28,0.375,1
"Clptm1",0.00616406537744872,-0.0828961624261342,0.234,0.329,1
"Gm35188",0.00616794273369457,0.0784251385889824,0.161,0.127,1
"Vma21",0.00617422811119674,-0.0745773566121795,0.141,0.217,1
"Ccdc28b",0.00621148553746145,-0.0821789891714627,0.214,0.306,1
"Cmpk2",0.00627634931328411,-0.0820620046056018,0.168,0.232,1
"Tead1",0.00628853042274835,0.0936868563975933,0.311,0.282,1
"Fes",0.00629712277735028,-0.0740666752229226,0.129,0.195,1
"Zfp444",0.00630826794424711,-0.0561297792702418,0.061,0.106,1
"Bnip3",0.00632660036831956,-0.0902930293831061,0.245,0.331,1
"Hhex",0.0063318195434939,-0.0832377628628443,0.196,0.269,1
"Ehd1",0.00634743158244879,-0.0797536433021737,0.188,0.266,1
"Gm12592",0.00636431481305982,0.0604594647733982,0.104,0.068,1
"Rabl6",0.00637724977964285,0.0839132339712172,0.312,0.275,1
"Prr14l",0.00638251009590204,0.0826208556976208,0.213,0.173,1
"Ogfod3",0.00638391207556853,-0.0537196218521212,0.054,0.101,1
"Plrg1",0.00640875714027125,-0.0579196469563169,0.068,0.119,1
"H2-Ke6",0.00641020359008957,-0.0703533146270197,0.124,0.191,1
"Dalrd3",0.00642131691690261,-0.0571150747731529,0.061,0.108,1
"Rps6kc1",0.00643276192805463,0.0624196899196688,0.12,0.084,1
"Vmp1",0.00643533723999212,-0.0868008456147014,0.317,0.409,1
"Knop1",0.00644297468829647,-0.0924031636180703,0.331,0.431,1
"Inpp5d",0.006448994132846,0.0846708030050926,0.238,0.205,1
"Sys1",0.0064539306077342,-0.0838536020927359,0.228,0.336,1
"Gna13",0.00646575406238451,0.0880672981319391,0.306,0.283,1
"Top1",0.00649193624691671,-0.0900872328759181,0.534,0.649,1
"Madd",0.00657865177817011,0.058504496689616,0.107,0.072,1
"Smim27",0.00658756591449222,-0.0687735070260886,0.102,0.17,1
"Edem2",0.00659318051705775,-0.0578080001150006,0.081,0.129,1
"Mrpl17",0.00661310059727887,-0.0883497553089994,0.273,0.365,1
"Cnot6l",0.00662194470637042,0.0855448709934765,0.663,0.66,1
"Nubpl",0.0066466815768648,0.0665569000502623,0.138,0.11,1
"Uso1",0.00665007261568264,0.0813834585452708,0.231,0.194,1
"Mtg2",0.00665126124948822,-0.0624084830809461,0.082,0.136,1
"Ppm1k",0.00665685022878969,0.0597109676037639,0.101,0.068,1
"Tomm70a",0.00666355649792068,0.0886964722639066,0.312,0.292,1
"Cavin1",0.00666627205157083,-0.0789909366651365,0.685,0.788,1
"St3gal3",0.00667219224279244,0.0654747733114738,0.104,0.075,1
"Vps50",0.00667862133952662,0.0675276102865387,0.137,0.102,1
"Cnst",0.00668656114131196,0.071893703638561,0.14,0.106,1
"Tmem123",0.00669877387735838,-0.0893550390680932,0.371,0.489,1
"Stim1",0.00673853556114984,0.0844532906717593,0.25,0.212,1
"Paxip1",0.00674496221037701,0.0585411709788039,0.101,0.068,1
"Bend5",0.00676023912781721,-0.0656271059694238,0.093,0.159,1
"Adrm1",0.00676286706184603,-0.0747331415857944,0.16,0.224,1
"Pde5a",0.00677962152546432,0.0841953763718433,0.214,0.181,1
"Ndufaf8",0.00680052039105984,-0.0795708287224695,0.165,0.248,1
"Dop1b",0.00680731855045006,0.0773494759656274,0.202,0.171,1
"Stx18",0.00681396493273749,0.0738675737184829,0.171,0.14,1
"Triap1",0.00683410936467256,-0.0762723988958386,0.154,0.228,1
"Stk25",0.00684408815729848,-0.0782883781036398,0.185,0.266,1
"Micu3",0.00686085132315363,0.0795720904350661,0.183,0.153,1
"Rgs19",0.00686589752154624,-0.0513371016932765,0.057,0.101,1
"Tsta3",0.00689203626222565,-0.0572005653426183,0.065,0.118,1
"Smc5",0.0068944447384304,0.0826887750303944,0.238,0.195,1
"Ifitm10",0.00690946236904297,-0.0676390874559074,0.092,0.146,1
"Trrap",0.00691603131871081,0.0789564225729819,0.242,0.2,1
"Tpd52l2",0.00697073510542868,-0.0886744282502241,0.311,0.409,1
"Fibp",0.00699352072957124,-0.0803346417784421,0.191,0.266,1
"Med14",0.00699667931655055,0.0791131705250106,0.188,0.154,1
"Ifrd1",0.00702614522642616,-0.0913269038422767,0.264,0.382,1
"Hnrnpc",0.00706396910247902,0.0823715512552164,0.651,0.644,1
"Bloc1s5",0.00711421526506979,-0.0638484659079812,0.085,0.144,1
"Hmgn3",0.00716709973113355,-0.070653984412333,0.127,0.191,1
"Gtf2a2",0.00721898661961438,-0.0834675232131913,0.303,0.404,1
"Mid1ip1",0.00725208960831648,-0.0702017672629715,0.089,0.153,1
"Fam49b",0.00727035857838123,0.0880437687483152,0.306,0.282,1
"Mta3",0.00729793145367045,0.0740930871544958,0.194,0.16,1
"Iws1",0.00732653510995551,0.0894497543812581,0.329,0.296,1
"Nr4a1",0.00734383274698604,0.100026781514356,0.256,0.232,1
"Cdc37",0.00734566711653927,-0.0857497538353306,0.495,0.616,1
"Taf7",0.0074221327170838,-0.0810839617950492,0.188,0.282,1
"Gm35572",0.00744493276157397,0.081216122387495,0.205,0.157,1
"Brk1",0.0074809260545706,-0.0833242828437918,0.516,0.632,1
"Cdc73",0.00749055307880015,0.0873151306358003,0.385,0.36,1
"Npdc1",0.00750871763399065,-0.0833042443750347,0.241,0.339,1
"1110059G10Rik",0.00753602865679461,-0.0780288144685913,0.163,0.246,1
"Tjp2",0.00754702191169841,0.0904707145826029,0.495,0.466,1
"Slc25a24",0.00756444145316438,-0.0865546263810776,0.281,0.367,1
"Ftx",0.0075728900081694,0.0647589396712122,0.109,0.079,1
"Clptm1l",0.0075871734210138,-0.0710142138437712,0.129,0.201,1
"Ssbp3",0.0076230169844511,0.0745420628694187,0.21,0.174,1
"Mrpl27",0.00764889842757011,-0.0780876330957297,0.191,0.259,1
"Btd",0.00766287160775546,-0.059308320963998,0.075,0.13,1
"Atp2b4",0.00767698202374147,0.0943300817048862,0.29,0.252,1
"Micall1",0.00770790080966694,0.0597332861751441,0.118,0.085,1
"Efhc2",0.00770812443843769,0.0800854204794823,0.172,0.139,1
"Lats1",0.00771000101613874,0.0737050725487703,0.213,0.171,1
"Dbndd2",0.00774717517641661,-0.0828212255973142,0.193,0.273,1
"Arhgap42",0.00774944195530943,0.0738341094709619,0.101,0.078,1
"Cltc",0.00778698893263547,0.0802185636802141,0.694,0.7,1
"Gpatch8",0.00786123607962984,0.0887479421896141,0.497,0.487,1
"Rassf8",0.00787073375576706,0.0872597536985761,0.329,0.313,1
"Mtx2",0.00788371832492039,-0.0681198748915472,0.107,0.178,1
"Rbm18",0.00789678799953829,-0.0705606592766609,0.118,0.181,1
"Atp7a",0.0079080944450229,0.0888370447755272,0.323,0.297,1
"Tmem60",0.0079101603761539,-0.0660362266557604,0.099,0.163,1
"Actl6a",0.0079450582656719,-0.076043402134027,0.163,0.255,1
"Mindy2",0.00796281545636609,-0.0893606920897946,0.484,0.586,1
"Ccdc137",0.00801268431970299,-0.0613751751281057,0.082,0.139,1
"Ctdsp2",0.00803847140119612,0.0866665331914444,0.399,0.384,1
"Mmrn2",0.00805953175328616,0.0860627803653602,0.632,0.623,1
"Ccdc88a",0.00810598638520151,0.0932057322577148,0.474,0.449,1
"Stx12",0.00812820844198506,-0.0841515061424128,0.519,0.625,1
"Tbc1d8b",0.00815478849219344,0.0618369121586824,0.118,0.086,1
"Atp5b",0.00815599213112193,-0.0702373101715503,0.744,0.848,1
"Cdc26",0.00818183264389083,-0.085228913390202,0.29,0.384,1
"Dedd",0.00820770341951413,-0.0623310373782291,0.089,0.147,1
"Phka1",0.00823673675167981,0.0719534909283953,0.154,0.119,1
"3222401L13Rik",0.00823887539717865,0.0748168767612186,0.165,0.142,1
"Mtif3",0.00825085632509913,-0.0579834984455584,0.078,0.13,1
"Slc38a6",0.00825898845615591,0.0719185712153412,0.16,0.123,1
"Lrig2",0.008303620441306,0.0719125673745339,0.183,0.15,1
"Asah2",0.00831192882516421,0.0629751928172649,0.113,0.086,1
"Gins4",0.00836707842418967,-0.0691345440816742,0.116,0.188,1
"Prkd1",0.00839932983377432,0.0956463968209286,0.272,0.251,1
"Gtf2a1",0.00841343699145445,0.0796640867058843,0.236,0.193,1
"Cenpx",0.00845391237465099,-0.0875933488417553,0.289,0.392,1
"Ipo8",0.0084641189539088,0.0808570756871287,0.269,0.232,1
"Atg10",0.00847345690895321,0.0849100917156234,0.188,0.177,1
"Nr2f6",0.00850775549178235,-0.0691726854494342,0.118,0.186,1
"Erh",0.00856146809442291,-0.0691828011158567,0.129,0.208,1
"Slc25a28",0.00857828538081988,-0.0691200756272412,0.124,0.193,1
"Clcc1",0.0085822079784759,-0.0747559912337899,0.16,0.235,1
"Dlc1",0.00861656048965444,0.0779235413506132,0.747,0.751,1
"Capzb",0.00866709177862235,-0.0850389071180042,0.484,0.601,1
"Arhgap23",0.00868828126779487,0.0827815096257625,0.315,0.299,1
"Pigx",0.0087061048334036,-0.0611509344343196,0.096,0.15,1
"Zbtb11",0.00873366594919466,0.0736640865333538,0.171,0.136,1
"Xxylt1",0.00874718317431647,0.0629394958237849,0.123,0.088,1
"Mapkap1",0.00876743137803442,0.085119213879889,0.441,0.411,1
"Znrd2",0.00886163559745889,-0.0597372719141974,0.076,0.13,1
"Axin2",0.0088789007194121,-0.087850452811213,0.368,0.46,1
"Sap18",0.00889648801997204,-0.0798331640817567,0.242,0.34,1
"Zcchc17",0.00889756430492412,-0.0864784143236286,0.283,0.384,1
"Rab8b",0.00890009833701678,0.084242205317636,0.259,0.235,1
"Shisa5",0.00900013460510519,-0.0855732200798601,0.477,0.576,1
"Mospd1",0.00906619490429034,-0.0859083373124707,0.228,0.323,1
"Trafd1",0.00912723952869662,-0.0628849729127315,0.098,0.164,1
"Ints6",0.00912906693085418,0.0791062556335308,0.238,0.2,1
"Taf13",0.00916704164413846,-0.0675886155303225,0.121,0.184,1
"Pias3",0.00917676825030875,-0.0595925764489802,0.09,0.14,1
"Rnaseh1",0.00921726367683728,-0.0558828788536859,0.054,0.109,1
"Edc4",0.00922701132853596,-0.0565327233494313,0.068,0.118,1
"Lyst",0.00923665218434495,0.0883684233401842,0.326,0.303,1
"Marc2",0.00924116011793158,-0.0845382428760381,0.399,0.507,1
"Yae1d1",0.00924237874192779,-0.0728591985414312,0.169,0.244,1
"Myo6",0.00925709219072931,0.0893101187436952,0.455,0.432,1
"Synpo2",0.00926714077108093,0.0817738905206034,0.259,0.22,1
"Atp6ap1",0.00928112111026418,-0.0829728795148592,0.283,0.391,1
"Elavl1",0.00929171730685868,-0.0824335017905334,0.287,0.381,1
"Gprasp1",0.00932412815376962,0.0840091187738305,0.292,0.265,1
"Fam13c",0.00934924490423143,0.0799773965236876,0.674,0.727,1
"Ankrd49",0.00935742463838221,-0.0637511558031135,0.075,0.135,1
"Gsr",0.00937514077329368,-0.0722602553034329,0.168,0.251,1
"Ctso",0.00938228743570141,-0.0771284820624902,0.214,0.302,1
"Cep250",0.00938612362882361,0.0707767092844022,0.177,0.149,1
"Mycbp",0.00939664862927823,-0.0663408413878232,0.099,0.16,1
"Ppm1b",0.00940861003859846,0.0771952926501143,0.23,0.198,1
"Gtf2e2",0.00946065814072308,-0.0758865738204357,0.18,0.269,1
"Cntrl",0.00946759593318181,0.0718833663691888,0.183,0.146,1
"Cpne2",0.009473643811948,-0.0717354334806858,0.141,0.215,1
"Trp53rka",0.00948283006116259,-0.0532213628279281,0.056,0.101,1
"Hist1h1e",0.00949438342223889,-0.0823358293890928,0.227,0.323,1
"Srprb",0.0095147712073714,-0.0662528860575083,0.115,0.18,1
"Abt1",0.00954601042265165,-0.0644308758858693,0.113,0.174,1
"Dpysl2",0.00956861979801178,-0.086537510267206,0.374,0.494,1
"Ahcyl1",0.00958222197959308,0.0870139127812289,0.384,0.384,1
"Capns1",0.00958807716547782,-0.0724249078987238,0.702,0.803,1
"Tmem167",0.00960499907516071,-0.0838687611765504,0.281,0.377,1
"Ppp4r3b",0.00967771259091563,0.0858518676485593,0.455,0.445,1
"Cep104",0.00967886189072081,0.0635975333768112,0.149,0.113,1
"Slc9a8",0.00969157929136087,0.0555320915068244,0.104,0.071,1
"Rgs4",0.009695743966663,0.0794240664037606,0.127,0.108,1
"L3mbtl3",0.00982601191692054,0.0693094965048806,0.144,0.109,1
"Hdac7",0.0098630855368184,0.0843763730861695,0.492,0.477,1
"Dnajc25",0.00991246217867262,-0.053656818306623,0.056,0.102,1
"Rab31",0.00992854192959979,0.0800674918051457,0.22,0.184,1
"Traf3",0.0099884117372728,0.067515608618785,0.126,0.105,1
"Atp5g1",0.0100202472342084,-0.0859333947144174,0.404,0.523,1
"Map3k11",0.0100493852057398,-0.0746002924295111,0.205,0.295,1
"Fbxo9",0.01012655088454,-0.0787585195354676,0.228,0.323,1
"Hdac3",0.0101423543496387,-0.0548723133016564,0.064,0.112,1
"Cbll1",0.0101443305452661,-0.0730759369359738,0.137,0.212,1
"Flvcr2",0.0101494054577557,0.0854559107211882,0.356,0.33,1
"Zfyve9",0.0102078786824111,0.0887449592552836,0.452,0.459,1
"Tfg",0.0102126781617018,-0.074706712995359,0.171,0.237,1
"Mocs2",0.0103142191861489,-0.0826735091216084,0.273,0.347,1
"Chd1",0.0103457807136433,0.0857856675670768,0.416,0.385,1
"Tm6sf1",0.0103907150900286,-0.080504972227458,0.252,0.33,1
"Ilf3",0.0104545738101643,0.0698366780335382,0.165,0.14,1
"Tcf15",0.0104849791530308,-0.0661308548812767,0.095,0.154,1
"Yap1",0.0105072526749564,0.0789961969279389,0.273,0.249,1
"Gtf3c6",0.0106078437769096,-0.0724160397641178,0.149,0.224,1
"CAAA01118383.1",0.0106235878393569,-0.0605719127700467,0.099,0.157,1
"Ufsp2",0.0106242581642859,-0.0677036397888116,0.11,0.176,1
"Rpa3",0.0106884642823004,-0.0659402999497766,0.113,0.169,1
"Med6",0.0106885129442638,-0.0695297561663306,0.148,0.217,1
"Mrpl35",0.0106900640663246,-0.0690894309305118,0.152,0.215,1
"Bod1l",0.0107202971773737,0.0849009154688564,0.593,0.605,1
"Atp11b",0.0107261846650103,0.0859176799151466,0.363,0.343,1
"2900026A02Rik",0.0107703554880571,0.0840500760741137,0.57,0.572,1
"Tcerg1",0.0107787087563891,0.0827245471973294,0.283,0.249,1
"Stat5b",0.0107881253656193,0.084338265667246,0.261,0.256,1
"Dele1",0.0108402518995919,-0.066953344099758,0.106,0.173,1
"Ints7",0.0108942545287643,0.0555385112319359,0.109,0.071,1
"Ro60",0.0109304118674321,0.0846645677338169,0.491,0.477,1
"Dimt1",0.0109412139400056,-0.0634750479075259,0.099,0.163,1
"Sppl3",0.0109786148342778,0.084170024072268,0.354,0.324,1
"Zc3h12b",0.0109860067311477,0.067386545433218,0.113,0.089,1
"Prpf39",0.0110097847330842,0.0790070271023774,0.273,0.246,1
"Wls",0.0110353759122179,-0.0864430963227281,0.309,0.416,1
"Ago1",0.0110949103143048,0.0639006083160335,0.149,0.115,1
"Nup93",0.0111027429042259,0.0561990860214991,0.106,0.071,1
"Kbtbd2",0.0111191462936081,-0.0788023573079129,0.28,0.365,1
"Snhg3",0.011198070663192,-0.059426078970032,0.076,0.122,1
"Cstb",0.0112131689994124,-0.0833708361664801,0.351,0.46,1
"Zfp652",0.0113278037191789,0.0839680981735111,0.384,0.35,1
"Wbp4",0.0113676386674357,-0.0874929831977008,0.394,0.483,1
"Irf2bpl",0.0113709945899531,-0.0856608954850512,0.413,0.518,1
"Wdr70",0.0113802164625023,0.0822800882493381,0.29,0.262,1
"Ifngr2",0.0114276933125148,-0.0586711530522978,0.084,0.14,1
"Dab2",0.0114515323648466,0.0859042955509542,0.415,0.388,1
"Smad3",0.0114556448545531,0.0646851515185151,0.132,0.102,1
"Hbegf",0.0114706876121386,-0.0876254067166349,0.27,0.37,1
"Otud4",0.011540578866794,0.0795484022306662,0.267,0.252,1
"Rassf4",0.0115544882038742,0.0587600198640417,0.113,0.081,1
"Slfn3",0.0115579304247421,0.0631830946832091,0.106,0.079,1
"Ptbp3",0.0115704765348417,0.0789095080157665,0.663,0.671,1
"Usp25",0.0116763861281258,0.0838579467578265,0.516,0.508,1
"Maml1",0.0117377462279132,0.0642457482491887,0.154,0.118,1
"Commd9",0.0117547697940616,-0.0580575142295705,0.078,0.129,1
"Zyx",0.0117656819254661,-0.0649884317147988,0.106,0.16,1
"Myof",0.0118160285347052,-0.0872168285755879,0.234,0.314,1
"Aamdc",0.0118383083995867,-0.0761230721731948,0.188,0.276,1
"Tug1",0.011857181711372,0.0678979286190945,0.169,0.144,1
"Dubr",0.011858171740349,0.070904527734812,0.202,0.169,1
"Chmp7",0.0118870308689492,-0.0596214109702031,0.093,0.149,1
"Supt20",0.0118982849091686,-0.0750468583425923,0.188,0.269,1
"Sumf2",0.0119065350666774,-0.0627691141152656,0.085,0.149,1
"Elmsan1",0.0119102348114878,0.0724224516956109,0.219,0.18,1
"Nup214",0.0119166570504008,0.0749374173078222,0.224,0.195,1
"Vps54",0.0119319560004258,0.083014888869726,0.334,0.316,1
"Mrpl55",0.0119366208122768,-0.0679138294473582,0.144,0.208,1
"Ddx17",0.0119693784118191,0.0808083080894875,0.561,0.552,1
"Tes",0.0119722724669657,-0.0775248256850536,0.222,0.307,1
"Shld1",0.0119753202364834,-0.0839823485008953,0.287,0.368,1
"R3hcc1l",0.012004761059183,0.0780784952080785,0.245,0.229,1
"Lrrc57",0.012034890248646,-0.0658664074962286,0.104,0.173,1
"Eid2",0.0120641758943231,-0.0686232206694092,0.134,0.205,1
"Nrip1",0.0120682704170518,0.0866715477426293,0.348,0.327,1
"Elf2",0.0120949289795835,0.0827960061037478,0.548,0.541,1
"Dand5",0.0120995301130633,-0.0526131851634961,0.061,0.115,1
"Ccdc85a",0.0121417815770602,0.0995514578575488,0.365,0.358,1
"Gopc",0.0122009511850006,0.0772160722665672,0.258,0.237,1
"Cpeb2",0.0122197388684949,0.0673939593585586,0.14,0.122,1
"Bmx",0.0122469080722105,-0.104252527458065,0.452,0.51,1
"Drosha",0.0122750420838342,0.0672114081038391,0.158,0.135,1
"Chtop",0.01228886399375,-0.0797484638011473,0.269,0.375,1
"Spata5",0.01229355803352,0.0698274744920429,0.166,0.133,1
"Kdm3a",0.0123327371738092,0.0801184432168853,0.273,0.249,1
"Smu1",0.0123630501314967,-0.0756248266740349,0.227,0.319,1
"Pigt",0.0123842788475945,-0.0531360042017694,0.075,0.115,1
"Atp6v0d1",0.012411181754524,-0.0760634335249593,0.258,0.348,1
"Cdc42ep3",0.0124165696189402,-0.0867381965053289,0.334,0.456,1
"Rsu1",0.0124364342531404,-0.0784936881025569,0.562,0.697,1
"Uap1",0.0124523719154228,-0.0777095960950954,0.25,0.334,1
"Eif2b1",0.012561263181392,-0.0523204878203992,0.062,0.116,1
"Tmem47",0.0126058772242978,-0.0645094303898922,0.096,0.15,1
"Selenos",0.0126134936274028,-0.0737958750525575,0.171,0.241,1
"Camkmt",0.012661403943261,0.0834585204995243,0.224,0.19,1
"Sf1",0.0126622441319666,-0.0801821872625801,0.287,0.378,1
"Herc4",0.012671147903721,0.0855559351232471,0.407,0.394,1
"Itgav",0.0127431718309803,0.0687344442090758,0.16,0.139,1
"Xab2",0.0127469933187032,-0.0569433716802385,0.078,0.132,1
"BC005624",0.0127495564915363,-0.080371210856116,0.27,0.361,1
"Ldlr",0.0127771808273664,0.0687855478977729,0.172,0.137,1
"Ppm1g",0.0128277416874324,-0.0777183329863932,0.258,0.348,1
"Rreb1",0.0128517754901873,0.0857868293991184,0.337,0.32,1
"Imp3",0.0128916316426807,-0.081032618615736,0.309,0.414,1
"Nek1",0.0129844531402227,0.0690510021410877,0.16,0.129,1
"Yipf5",0.0129847578459197,-0.0722669346228104,0.189,0.271,1
"Zfand5",0.0129896304394854,-0.0803102134561631,0.543,0.653,1
"Stt3b",0.0129939028326367,0.0821737786980484,0.348,0.324,1
"Retreg2",0.0130362259833902,-0.0714235998905749,0.155,0.235,1
"Ube2v1",0.0130498747771911,-0.0812388137624109,0.309,0.422,1
"Ptbp2",0.0130791295240489,0.0765192635420845,0.242,0.22,1
"Sema7a",0.013123724406639,0.0722621791757636,0.734,0.756,1
"Alg11",0.0131774817601577,-0.0535250937141038,0.073,0.11,1
"Ranbp3",0.0132153472550113,-0.0552014231462962,0.079,0.13,1
"Cox7b",0.0132259897081112,-0.0813632910971461,0.478,0.601,1
"Acer3",0.0132314518960582,0.0717655854390059,0.177,0.154,1
"Prune2",0.0132634397378173,0.0614227390495061,0.118,0.093,1
"Cdk2ap1",0.0132726238069199,-0.0780658079990917,0.28,0.377,1
"Cuta",0.0132850723396091,-0.0818505144640416,0.304,0.415,1
"4430402I18Rik",0.0132986941041008,-0.0660393661394985,0.093,0.153,1
"Spred1",0.0133032404836712,0.0756006264878281,0.225,0.208,1
"Ccdc6",0.0133587385175787,0.066419505476047,0.161,0.129,1
"Mettl26",0.0133619873365324,-0.0593175614119197,0.084,0.146,1
"Pycr2",0.0133672350013232,-0.0667745899465558,0.141,0.201,1
"Mycbp2",0.0134083026180524,0.0788428583955741,0.632,0.639,1
"Srsf1",0.0134209589148111,0.0781650182013833,0.295,0.268,1
"Fbh1",0.0135464330596808,-0.0558178033164617,0.092,0.14,1
"Pnkp",0.0136350441045974,-0.0616027707580583,0.109,0.169,1
"Sin3a",0.0136730473044815,0.0731975697723663,0.227,0.195,1
"Usp3",0.0136827641775968,0.0796111057282918,0.289,0.265,1
"Asf1a",0.0136938065620287,-0.0656453949308433,0.13,0.203,1
"Cplane1",0.0137206777281156,0.0764603789652558,0.248,0.218,1
"Rbm4b",0.0137733780050784,-0.05907363236371,0.084,0.149,1
"Wdr45",0.0137822503039349,-0.0516880573225916,0.065,0.119,1
"Zfp622",0.0138368648224302,-0.0660805321949208,0.115,0.191,1
"Slirp",0.0138405033408116,-0.0767655704586871,0.214,0.297,1
"Stim2",0.0138679162229431,0.0813641303547129,0.472,0.472,1
"Pmpca",0.0139466757030758,-0.0504477639472875,0.075,0.129,1
"Ctsb",0.013962784300002,-0.0805197184443646,0.366,0.477,1
"Eef1g",0.0140085914954962,-0.0740877623746309,0.623,0.728,1
"Lrp6",0.0140298476540093,0.0800174595829428,0.506,0.492,1
"Usp8",0.0140412051545715,0.0788055448325799,0.301,0.276,1
"Cadm1",0.014073779779565,0.0858611019758486,0.32,0.313,1
"Glod4",0.0141383515161152,-0.0757016537703207,0.247,0.331,1
"Cggbp1",0.0141469816844797,-0.0808038390916125,0.418,0.527,1
"2200002D01Rik",0.0141486084184028,0.0596585162615325,0.101,0.078,1
"Tra2b",0.014166530388561,-0.0793887280566608,0.401,0.523,1
"Dcaf12",0.0141782631889093,-0.0627940077487238,0.115,0.169,1
"Gbp7",0.014186107420042,-0.0848494432202356,0.486,0.591,1
"Mrpl10",0.0142046012400078,-0.057341046346191,0.082,0.137,1
"Rab21",0.0142508810442537,-0.0800103645642649,0.365,0.482,1
"Hectd1",0.0142658046665542,0.074261793684769,0.66,0.683,1
"Ddx6",0.0142704687572127,0.0719941504083034,0.697,0.717,1
"Zfp398",0.0143041644801404,0.0688844520246208,0.183,0.154,1
"Fundc2",0.0143277368150746,-0.0756590327340121,0.228,0.326,1
"Rttn",0.0143432767876498,0.0607362255022252,0.126,0.103,1
"Furin",0.0143666698472206,-0.0739503303566997,0.23,0.307,1
"Rabep2",0.0143923544363971,-0.0640959929447192,0.132,0.2,1
"Armcx3",0.0143993673533328,-0.0696583215018262,0.152,0.224,1
"Mmut",0.014435333986851,0.0691555013938112,0.182,0.15,1
"Tmlhe",0.0144536293408579,0.063843301779702,0.126,0.098,1
"Vwf",0.0145142474210995,0.0896839104521906,0.553,0.582,1
"Pxk",0.0145168112663459,-0.0808071845614854,0.38,0.479,1
"Dicer1",0.0145228261501466,0.0747287524289236,0.309,0.285,1
"Itpr3",0.0146472133625306,0.0818765718098196,0.393,0.384,1
"4930594M22Rik",0.014696768908204,0.0575503198844418,0.121,0.092,1
"1110008P14Rik",0.0147332850411841,-0.0654584565757609,0.116,0.184,1
"Derl1",0.0147460035029824,-0.0722336143124109,0.203,0.29,1
"Rnf31",0.0147809586029651,0.0528783734917248,0.104,0.078,1
"Get4",0.0148069229673419,-0.0614490581525779,0.126,0.183,1
"Med19",0.0148265307095228,-0.0756095799611812,0.222,0.297,1
"Dhrs4",0.014831903552685,-0.0617272336482335,0.11,0.163,1
"Ammecr1",0.0148362694672243,0.0642441608526565,0.14,0.122,1
"Cxxc5",0.0148930677647669,-0.0588188169315449,0.089,0.15,1
"Baiap2",0.0149050363545229,-0.0744682710758225,0.189,0.265,1
"Fip1l1",0.0149309623592765,0.0827837333122789,0.385,0.367,1
"Gja4",0.0149580019986216,-0.0775945818405638,0.141,0.2,1
"Ube2e1",0.0149775886749769,-0.073423889575165,0.177,0.273,1
"Tmem126b",0.0149938059741685,-0.0583280537215781,0.099,0.164,1
"Mthfsl",0.0150285672764095,-0.0576916009788436,0.084,0.146,1
"Ddx18",0.0150330719001522,-0.0772399061676278,0.228,0.297,1
"Tmem126a",0.0150874579107745,-0.0657584608092873,0.144,0.215,1
"March7",0.0150991748260159,0.0791969934020579,0.373,0.351,1
"Acin1",0.0151022166635422,0.0779995792942123,0.567,0.559,1
"Lasp1",0.0151694790281039,-0.0795292493578574,0.329,0.426,1
"Ggh",0.0152026264659041,-0.0730161341955555,0.196,0.285,1
"Ndrg3",0.0152073626218454,0.0660604777998529,0.189,0.152,1
"Nup85",0.0152300438607549,-0.0507093396647485,0.054,0.101,1
"Eif4g1",0.0152496063639936,0.0782666994761031,0.564,0.567,1
"Stambp",0.0152872836088135,-0.065255661182978,0.115,0.181,1
"Dock6",0.0152895725378049,0.0818483846659913,0.419,0.382,1
"Sae1",0.0153141964048801,-0.0780087552485742,0.236,0.326,1
"Lpar4",0.0153845371102827,0.0606396248580572,0.132,0.095,1
"Hnrnph1",0.0153854407578614,0.0799140858174816,0.486,0.459,1
"Cbx6",0.0154057850654407,0.0742337625415918,0.227,0.211,1
"Dennd5a",0.0154097379229471,0.0797319930654985,0.497,0.506,1
"Clstn1",0.0154595844095551,0.079606992194773,0.522,0.53,1
"Cap1",0.0155318096611977,-0.0761822084241903,0.303,0.401,1
"Phldb2",0.0155573796140406,0.083664838200358,0.371,0.351,1
"Uhmk1",0.0155677834758753,0.075152627517751,0.272,0.242,1
"Blmh",0.0155765882535734,-0.0761271610426594,0.25,0.339,1
"Ids",0.0155869097403365,0.0693564813732524,0.208,0.18,1
"Kdelr2",0.0156829323083906,-0.0783091168230001,0.245,0.353,1
"Fundc1",0.0157224136720863,-0.0652284393179879,0.127,0.188,1
"Mfge8",0.0157546737699738,-0.0770643465626323,0.22,0.319,1
"Golim4",0.0157590784804628,0.0625716186097938,0.828,0.846,1
"Akap8",0.0157712730977536,-0.0734993489435741,0.253,0.346,1
"Stx7",0.0158087180311238,-0.0785762933948616,0.311,0.425,1
"Igsf5",0.015814926088603,0.0635686763526273,0.129,0.098,1
"Alkbh6",0.0158303387999126,-0.0574785380230614,0.09,0.147,1
"Decr1",0.0158407134890559,-0.0648700806604915,0.127,0.198,1
"Klf8",0.0158941195514369,0.0686101622425816,0.109,0.095,1
"Etf1",0.015903043151747,0.0786072302906561,0.303,0.283,1
"Wsb2",0.0159031248650858,-0.0680109624771157,0.171,0.246,1
"Asah1",0.0159465674796721,-0.0759209786377726,0.252,0.343,1
"Mrpl51",0.0159737682648844,-0.0779695920374692,0.28,0.368,1
"Vamp5",0.0159898684533985,-0.0798941772217822,0.449,0.557,1
"Odc1",0.0160173518334677,0.058861777770071,0.118,0.091,1
"Gstm2",0.0160768981330521,-0.0589287812965,0.076,0.132,1
"Mea1",0.0160868013283421,-0.0718361717677399,0.205,0.289,1
"Ndufb6",0.0161022012754173,-0.0766934194740758,0.284,0.395,1
"Mrps11",0.0161224552693579,-0.0593907782820487,0.106,0.171,1
"Cinp",0.0161336238434089,-0.0584992529836929,0.098,0.152,1
"Rab8a",0.0161382757658871,-0.0742957199813739,0.245,0.337,1
"Snapin",0.0161499608133826,-0.0674658655863793,0.166,0.228,1
"Snrpa",0.0161977572267526,-0.0692322365001102,0.166,0.239,1
"Mettl5",0.016207194272878,-0.0542476345875388,0.092,0.142,1
"Ptk2",0.0162174747831361,0.0787467996804959,0.561,0.578,1
"Lgals8",0.016222547329558,-0.0759342227694235,0.255,0.343,1
"Yif1b",0.0162501979910249,-0.0759288940413555,0.228,0.313,1
"Wipf1",0.0162552332708054,0.0794567859204289,0.289,0.276,1
"Hmgb2",0.0162742828803195,-0.0812741038901796,0.354,0.432,1
"Usp46",0.0164089085626605,0.0814116222094006,0.46,0.448,1
"2210408I21Rik",0.0164163163054272,0.0690215336627892,0.134,0.11,1
"Crcp",0.0164466941653243,-0.0591997865351845,0.098,0.157,1
"Cyld",0.016467184429437,0.0698100326483607,0.208,0.177,1
"Pam",0.0165540911374588,0.0788479829417843,0.59,0.608,1
"Ipo7",0.0165591681624249,0.0724359845484003,0.255,0.237,1
"Apopt1",0.0165601350468441,-0.0746070079705651,0.214,0.302,1
"Creg1",0.0165980349718723,-0.0656515457991794,0.138,0.207,1
"Commd7",0.0166174770831195,-0.0709620562667564,0.191,0.278,1
"Ezh2",0.016738025440598,-0.0706913842679052,0.141,0.19,1
"Jdp2",0.0167712948262664,-0.0601436599466492,0.106,0.16,1
"Adcy4",0.0168855104820744,-0.0780676568703984,0.362,0.441,1
"Atf3",0.0169122572284953,-0.0753167490869904,0.118,0.194,1
"Pdcd6ip",0.0169135271211028,0.0774724836553147,0.495,0.492,1
"Pgm5",0.0169189267105821,0.0824733568992618,0.25,0.234,1
"Ptcd2",0.0169758995458056,-0.0655230986811852,0.13,0.198,1
"Rbm25",0.0169819903112995,0.0771982213639359,0.602,0.61,1
"Asph",0.0169853103149433,0.0640483020525809,0.13,0.099,1
"Zfp330",0.0170400350664234,-0.0666456370027926,0.152,0.218,1
"Mrpl45",0.0170499865103651,-0.0550123297349608,0.082,0.129,1
"Ralbp1",0.0170571723045127,-0.0743459637359777,0.638,0.744,1
"Prkar2a",0.0170661428505287,0.0771480734615492,0.329,0.313,1
"Ppp3cb",0.0170724511314356,0.0746198774078015,0.283,0.263,1
"Itch",0.0170827541874738,0.0806585679255507,0.458,0.455,1
"Dexi",0.0171253442175697,-0.0506005318321526,0.062,0.108,1
"Dbnl",0.0172322114048268,-0.0742188110662024,0.245,0.326,1
"Spata6",0.0172352075455555,0.0801515300794067,0.354,0.337,1
"Nt5c3b",0.0172944942297547,-0.0546582935618364,0.084,0.137,1
"Kctd20",0.0172988533442258,-0.069389108663059,0.186,0.272,1
"Rrp8",0.0173133759664744,-0.0545767858167078,0.082,0.13,1
"Rapgef6",0.0173423703605453,0.081746843840886,0.5,0.504,1
"Bcl2l13",0.0173870522509839,0.0562358959730206,0.126,0.103,1
"Armc10",0.017418755563583,-0.056218148513981,0.09,0.144,1
"Xrcc4",0.0174500386163595,0.0808782832365995,0.275,0.28,1
"2510002D24Rik",0.0175034671666395,-0.0724521835755781,0.2,0.286,1
"Klf7",0.017541924364555,0.0683853153575855,0.747,0.762,1
"Atf4",0.0176818004277599,-0.0757061547787264,0.269,0.356,1
"Tgfbr3",0.0177383237612436,0.0826967143045585,0.447,0.439,1
"Cerk",0.0177527477265639,0.0572527519861459,0.126,0.096,1
"Enpp5",0.0177788831589101,-0.0573763884438978,0.101,0.163,1
"Mecp2",0.0177808169473884,0.0802572318225986,0.393,0.388,1
"Crbn",0.0178429884707137,-0.0657454618242285,0.141,0.21,1
"Cdc14a",0.0179547322856908,0.078407892225436,0.303,0.292,1
"Luc7l",0.0179587872011994,0.0766462223910966,0.3,0.295,1
"Arhgap10",0.017979982438143,-0.0652836183761501,0.129,0.207,1
"Zfp367",0.0179873195300144,-0.0592565787920991,0.112,0.171,1
"Mrps28",0.018001743204311,-0.0725566409656268,0.196,0.29,1
"Mrpl11",0.0180051500993714,-0.0693347321796967,0.196,0.269,1
"Mrpl40",0.0180292528332294,-0.0604711312606494,0.116,0.183,1
"Iqsec2",0.0180936316844959,0.0624757626802118,0.149,0.123,1
"Lncppara",0.0181330811723988,0.0647879384053962,0.174,0.137,1
"Hnrnph2",0.0181331030633865,-0.0774232739956899,0.318,0.438,1
"Pim1",0.0181396913289249,-0.0637943852386293,0.116,0.183,1
"Timm23",0.0182169088991196,-0.0715564613404873,0.242,0.339,1
"Fbxw2",0.0182357151447971,-0.0775681768498301,0.366,0.467,1
"Parp1",0.0182519135743522,0.064072011376024,0.166,0.142,1
"Slc7a5",0.0182582996984955,-0.0945646915759375,0.533,0.586,1
"Dcaf10",0.0182900496621996,0.0736943262774569,0.224,0.2,1
"Ptar1",0.0183093477458245,0.0748890134189928,0.266,0.235,1
"Mrps15",0.0183252416445744,-0.069869880340231,0.177,0.258,1
"Zfp942",0.0183553169137182,0.0579386029489156,0.107,0.078,1
"Eif5",0.0183577632982705,-0.073743365077102,0.595,0.691,1
"Brd1",0.0184106978055038,-0.0759615423673196,0.36,0.449,1
"Rpp21",0.0184592419064876,-0.0677249395592384,0.171,0.238,1
"Mrpl44",0.0184745387262025,-0.0554337783416045,0.098,0.153,1
"Ube2l3",0.0184756310001701,-0.0770453145313676,0.388,0.501,1
"Phf3",0.0184995041651291,0.07814732956274,0.503,0.503,1
"Gm13919",0.0185595949416937,0.0599515456651857,0.127,0.105,1
"Comt",0.0185888979455502,-0.0761993192382758,0.27,0.361,1
"Myo1b",0.0186022933512285,0.0822315267901613,0.506,0.504,1
"Lrrfip1",0.0186200114425803,-0.0780180747949298,0.34,0.445,1
"Tubgcp2",0.0186578923103384,0.0591488836050855,0.134,0.108,1
"Clcn4",0.0186911158382257,-0.0635546190305574,0.148,0.214,1
"Spast",0.0187118212929586,0.0720393124019023,0.241,0.222,1
"Sdhaf2",0.0187455069253795,-0.0675834680513431,0.155,0.234,1
"Mfsd10",0.0187956152828136,-0.0525878723476019,0.079,0.127,1
"Hcfc2",0.0188400327584033,0.0539691642257948,0.127,0.101,1
"Plec",0.0188604516542406,0.074022080996764,0.708,0.708,1
"Tpra1",0.0189412313716842,-0.0616525939974155,0.135,0.2,1
"Mon2",0.0189785480520662,0.0802830499152847,0.419,0.409,1
"Sec63",0.0190145298338102,0.0786888447988554,0.505,0.514,1
"Slc4a1ap",0.0190255311844953,0.0625162726788874,0.16,0.133,1
"Abl1",0.0190319516483701,0.0665245315659144,0.18,0.159,1
"Ddx10",0.0190834853005088,0.0736846618769119,0.252,0.218,1
"Abr",0.0190905709115803,0.077476752524639,0.342,0.327,1
"Diablo",0.0191160023494455,-0.0633441417862121,0.143,0.217,1
"Creld2",0.0191299504457956,-0.0574490473837134,0.106,0.159,1
"Med20",0.0191348914175196,-0.0591476983519478,0.092,0.154,1
"Lrrc58",0.0191477609416898,0.074917021095152,0.581,0.582,1
"Plod1",0.0192270176263577,-0.0686203213178873,0.196,0.272,1
"Arhgef5",0.0192388792385544,-0.072026781450968,0.216,0.302,1
"Gapvd1",0.0195556179848128,0.0782083711595214,0.466,0.462,1
"Pigu",0.0195675167160314,0.0538207022722817,0.101,0.078,1
"Dpm2",0.0196254301434936,-0.0643955270076278,0.154,0.232,1
"Mpnd",0.0197227930766471,-0.0589580150941655,0.115,0.173,1
"Xiap",0.0197712449931492,0.0736199115265276,0.606,0.626,1
"Zdhhc14",0.0198313552978245,0.06844322824831,0.182,0.157,1
"Smchd1",0.0198883910028145,0.0772934571772897,0.516,0.508,1
"Tmem70",0.0200963424515182,-0.0615752191918215,0.132,0.198,1
"Kdm2a",0.0201750995446477,0.0781496351473059,0.43,0.422,1
"Polr1c",0.0201872053729366,-0.0532375947171941,0.076,0.133,1
"Creb3l2",0.0202783215189358,0.0751840449692558,0.34,0.323,1
"Ttc4",0.0203468767036791,-0.0610783227120374,0.135,0.194,1
"Cep85l",0.0203598559923518,0.0802395595183008,0.422,0.422,1
"Ift172",0.0204012015119502,-0.0677648307513125,0.172,0.237,1
"Pmm2",0.0204788216437612,-0.0582055924439586,0.11,0.167,1
"Fkbp2",0.020591590852151,-0.0731941059478944,0.262,0.351,1
"Rbbp9",0.0207064675656198,-0.0602194036440397,0.127,0.191,1
"Map3k5",0.0208442853257706,0.064295278961291,0.157,0.135,1
"Dync1li1",0.020875487282066,-0.0758078562114206,0.289,0.37,1
"Kmt2d",0.0208876452473202,0.0678888110976767,0.214,0.171,1
"Tex261",0.020891842335873,-0.0718866272679319,0.264,0.348,1
"Fam50a",0.0210389808917104,-0.0683857314022925,0.179,0.251,1
"Lonp2",0.0211634606146616,0.0750817801397536,0.325,0.302,1
"Dpp8",0.0211639737069793,0.0763970946536844,0.404,0.399,1
"Clu",0.0212139209986161,-0.103477776942288,0.217,0.262,1
"Josd2",0.0213495550440655,-0.0548665395136792,0.098,0.152,1
"Maoa",0.0213678427709076,0.0654836712439759,0.738,0.758,1
"Gpr107",0.0213739683506635,0.0598940328468479,0.163,0.137,1
"Vwa5a",0.021406842749747,0.0714419535768118,0.262,0.234,1
"Gm16070",0.021420570752542,0.082911505268765,0.258,0.241,1
"Ulk1",0.0214542857877323,0.0555853389013169,0.13,0.106,1
"Anxa11",0.0214717726159208,-0.0616780230874259,0.138,0.204,1
"Tcp1",0.0215017064148983,-0.0736466277679159,0.326,0.422,1
"Ensa",0.0216262614096415,-0.0749598526539286,0.328,0.431,1
"Ube2f",0.0216708112685545,-0.0597782993752626,0.126,0.183,1
"Pdlim5",0.021671916257637,0.0716842530736752,0.669,0.705,1
"Wwp2",0.0217379643986693,0.0675173184699265,0.211,0.195,1
"Ubxn2a",0.0217419528306517,-0.0768977260377791,0.424,0.511,1
"Prkaa1",0.0217917789353266,0.0609410864012578,0.188,0.161,1
"Ebpl",0.021796314707138,-0.0550151927084719,0.084,0.13,1
"Cd93",0.0218069491783809,0.07203700623947,0.705,0.703,1
"Trim35",0.0218139346742829,-0.0687958094238652,0.177,0.258,1
"Tmem147",0.0218374526507196,-0.0710012569398668,0.22,0.316,1
"Hnrnpab",0.0218547050110438,-0.073184880646727,0.481,0.598,1
"Copg2",0.0219129477893207,0.0718679690764486,0.22,0.215,1
"Mbd2",0.0219358272253609,-0.0748795584731923,0.449,0.533,1
"Hmg20a",0.0219381731300892,0.0766473461549826,0.326,0.307,1
"Adipor1",0.021940484589596,-0.0742501482878385,0.464,0.568,1
"Actr1a",0.0220529126806935,-0.072617113875281,0.281,0.382,1
"Mcoln1",0.0220664823408729,-0.0504146251723556,0.084,0.13,1
"Pex14",0.022101107709028,0.0670920719772927,0.197,0.184,1
"Maip1",0.0221477782293541,-0.0516914106237065,0.071,0.123,1
"Arid1a",0.0221526679064356,0.0763909316624166,0.421,0.415,1
"Aip",0.0222213923536013,-0.0715145085217404,0.225,0.329,1
"Timm13",0.0222254862946071,-0.075127339069519,0.387,0.496,1
"Npepl1",0.0222280258798168,-0.0670345735142686,0.161,0.235,1
"Edn3",0.0222390618126538,-0.0852250736685151,0.37,0.455,1
"Prelid3b",0.022357812426235,-0.0563364772181709,0.106,0.167,1
"Creb1",0.0223756968616101,0.075322756906243,0.435,0.428,1
"Rab1a",0.0223810388127318,-0.0731698936973213,0.522,0.629,1
"Zfpl1",0.022403329544577,-0.057862354752705,0.124,0.181,1
"Efnb2",0.0224319391067211,0.0793203485856481,0.366,0.356,1
"Eml4",0.0224475574464407,0.0736253811814792,0.298,0.261,1
"Alkbh8",0.0226230401812169,0.0660153061907497,0.185,0.156,1
"Styx",0.0226576498832676,0.0613350157454819,0.135,0.106,1
"Gimap5",0.0227044718944928,-0.0668838991440065,0.203,0.279,1
"Kpna1",0.0227115272851916,0.07003265417912,0.267,0.239,1
"Spns2",0.0227181679282367,-0.0623459038897821,0.127,0.18,1
"Tmem51",0.0227354882284595,-0.0666352127162524,0.219,0.286,1
"Mpp1",0.0227372924696418,-0.058683191562823,0.121,0.177,1
"Uchl3",0.0227476825336538,-0.0590359341216005,0.081,0.142,1
"Tmem219",0.0228170646327899,-0.0580371370946893,0.109,0.164,1
"Xpo7",0.0228651677124823,0.0756918260747864,0.312,0.297,1
"Bola2",0.0228807272145019,-0.0682024180483237,0.189,0.279,1
"Fosl2",0.0228879986909192,0.064788064371951,0.197,0.17,1
"Kiz",0.0229758816557333,0.0692937867697178,0.217,0.194,1
"Amotl2",0.0229825621334385,-0.0712053465984672,0.228,0.312,1
"Hspa9",0.0230472405523895,-0.0734824812525106,0.284,0.405,1
"Larp4b",0.0233463140183275,0.0774821483158886,0.439,0.428,1
"Nrbf2",0.0233666283141233,-0.0606690482182634,0.134,0.195,1
"Copb2",0.0233866213199212,-0.0736971655926292,0.345,0.433,1
"Rhoj",0.0233878539347117,0.0787968398227548,0.491,0.508,1
"Sra1",0.0237274902976325,-0.0699287525297495,0.21,0.29,1
"Usf1",0.0237752152983939,-0.0571932761005799,0.118,0.177,1
"Ep400",0.0238355305851814,0.074779755705105,0.408,0.391,1
"Tgoln1",0.0238932791411981,-0.0732845699505809,0.455,0.567,1
"Klhl9",0.0238971426614948,-0.0710450785301946,0.25,0.334,1
"Pggt1b",0.0239228479621008,0.0777091913265985,0.429,0.431,1
"Dpy19l1",0.0239411221400711,-0.0701569309885325,0.234,0.309,1
"Rhbdf1",0.0239707213354637,-0.0523058452838484,0.07,0.119,1
"Hdgfl2",0.0241291641635045,-0.0602676620334893,0.127,0.188,1
"Prdx5",0.0242187112151284,-0.0712166978351679,0.259,0.346,1
"Tnip2",0.0242885348114135,-0.0564929205180153,0.12,0.171,1
"Trappc11",0.0242890222458425,0.0640303442996537,0.174,0.159,1
"Mt2",0.0243032049109234,-0.0770444598055759,0.161,0.22,1
"Map2k3",0.0243541584613254,-0.0644586401234599,0.169,0.244,1
"Ace",0.0243661172698915,-0.0659062989215471,0.135,0.188,1
"Pnkd",0.0243862228373728,-0.0745429841149975,0.399,0.513,1
"Parp14",0.0244230280739143,0.0767757287489799,0.349,0.337,1
"Appbp2",0.0244242016770078,0.0720193657141291,0.28,0.268,1
"Ranbp9",0.024482026800508,0.0764043552633589,0.443,0.445,1
"Ppp6r2",0.0245648648124935,0.0624223315483094,0.185,0.159,1
"Myo9b",0.0245667439985592,0.0595216627638225,0.146,0.126,1
"Mitd1",0.0246152212965012,-0.0710227862559724,0.216,0.271,1
"Gm26917",0.0246176449496092,0.064711256007293,0.144,0.102,1
"Nit1",0.0246342701870499,-0.0575920242624695,0.099,0.161,1
"Mical3",0.0247083234258358,0.0649905738397438,0.18,0.156,1
"Csf1",0.0247173234807553,-0.0615886292836677,0.113,0.174,1
"Atg9a",0.0247443622531641,0.0506445289959087,0.109,0.085,1
"Nfe2l1",0.0247603682964595,-0.0716533244607491,0.575,0.687,1
"Fbxo22",0.0247732445619848,-0.0691399623930705,0.258,0.346,1
"Uqcrq",0.0248211044539666,-0.0688590329171337,0.612,0.728,1
"Pacs2",0.0248677582967834,0.0585832159591592,0.148,0.118,1
"Ppard",0.0249014235543717,0.075142922039404,0.334,0.314,1
"Uba1",0.0250478833790144,0.0720228645507096,0.351,0.33,1
"Gngt2",0.0250729278191404,0.0721100261537729,0.214,0.191,1
"Rnf167",0.0251225581830128,-0.0662732308012705,0.193,0.273,1
"A930015D03Rik",0.025147530996688,0.0600304685875313,0.148,0.119,1
"Rtn4",0.0251740391687752,-0.0703457024074952,0.571,0.676,1
"Pold3",0.0252655290369721,-0.0614628075817977,0.14,0.194,1
"Naa16",0.0253880046320866,0.0662521902174062,0.197,0.183,1
"Il17rd",0.0254364003290283,0.0722529809118927,0.293,0.275,1
"Gbp8",0.0254836454152663,0.0621808254927272,0.177,0.153,1
"Rfc2",0.025544030316447,-0.059752118740608,0.124,0.191,1
"Nin",0.0255724788822406,0.0690744469327705,0.213,0.2,1
"Ubl3",0.0255977637834679,0.0695816776636535,0.654,0.67,1
"Mboat1",0.0256293515990994,0.0575737906262178,0.143,0.108,1
"Ube2q1",0.0256876034520448,-0.0703451269364657,0.328,0.415,1
"Zfp655",0.0256898527992002,-0.0518694285538307,0.095,0.144,1
"Nsun6",0.0257925363709649,-0.0659711999316561,0.171,0.235,1
"Arap2",0.0258199010847214,0.0774775850948914,0.562,0.55,1
"Mtmr10",0.0258220139471116,0.0620118373474099,0.175,0.163,1
"Scaf1",0.0258227978688791,-0.0597998781116575,0.157,0.231,1
"Csnk2a1",0.025890739054633,-0.0655981451360769,0.637,0.717,1
"Rasa2",0.0259277237206412,0.0685860298046221,0.23,0.205,1
"Atp6v1c1",0.0259379564340327,-0.0636920200311774,0.191,0.266,1
"Inf2",0.0260085781474991,0.0672777442635934,0.248,0.222,1
"Scand1",0.0260314597553827,-0.0720474472349885,0.269,0.364,1
"Cdkn2d",0.026058365647039,-0.0668159173154719,0.186,0.249,1
"Nt5c3",0.0261592226813013,-0.0518051898103741,0.099,0.15,1
"Polr3gl",0.0262101620135995,-0.0607995309179282,0.121,0.184,1
"Pola1",0.0263962724430998,0.0584339804481101,0.129,0.105,1
"4930581F22Rik",0.0265000241519086,-0.0568504608209898,0.102,0.15,1
"Tbx3",0.0266274393303795,-0.0760421367463511,0.483,0.576,1
"Ints11",0.0266310484153294,-0.0566923443990032,0.099,0.156,1
"Rps19bp1",0.0266572642608025,-0.0567055255523854,0.106,0.157,1
"Tomm5",0.0266664053749209,-0.0672177179131422,0.217,0.295,1
"Acadvl",0.0267542861686365,-0.0633895995637118,0.155,0.239,1
"Wbp1l",0.0268244829942508,0.0622159862349556,0.196,0.186,1
"Golga3",0.0268258384137052,0.0667838384192697,0.228,0.195,1
"Creld1",0.026826880477291,-0.0571895435724124,0.102,0.15,1
"Gadd45gip1",0.0268637889643604,-0.064466257885933,0.14,0.225,1
"Mpdu1",0.0268862195921368,-0.0560818324540845,0.101,0.159,1
"Ccdc102a",0.0269219165378801,-0.0508435808336317,0.082,0.135,1
"Tead4",0.0269244640191589,0.0672913701827509,0.211,0.201,1
"Otud6b",0.0269313819177154,-0.0665598209681649,0.174,0.238,1
"2510039O18Rik",0.026945919820693,-0.0553648322354764,0.106,0.157,1
"Ppp2r5c",0.0269789838679159,0.0724268746282597,0.495,0.496,1
"Rnf111",0.0270059377149071,0.0699851540312535,0.278,0.256,1
"Ddx39",0.0270784518692216,-0.0552399331378551,0.109,0.157,1
"Fbxl3",0.0271043325245194,-0.0719751832155453,0.3,0.405,1
"Prkd3",0.0271315203266849,0.0733459540591447,0.43,0.439,1
"Actr1b",0.0272482833311101,-0.0641682760256205,0.172,0.246,1
"Zfp106",0.0273200384668825,0.0737146645890089,0.435,0.418,1
"Kmt2a",0.0273950178975312,0.0706442599082938,0.616,0.637,1
"Eapp",0.0274268536356047,-0.0733295839774059,0.366,0.463,1
"Arntl",0.0274792644509332,-0.0626089096723886,0.121,0.188,1
"Emcn",0.0274970076722526,-0.0654921893246176,0.733,0.826,1
"Npepps",0.027532488182956,0.0731985457572735,0.295,0.272,1
"BC029722",0.0275668032519044,-0.0542813448533469,0.104,0.161,1
"Ibtk",0.0275973676915838,0.0582655653133684,0.134,0.113,1
"Cep57l1",0.0276176895049017,0.0501858537115735,0.104,0.079,1
"Mesd",0.0276375010990714,-0.072976331866035,0.307,0.401,1
"Iqsec1",0.02774285116305,0.070042696019304,0.275,0.259,1
"Ciz1",0.0278663573416024,0.0584842639507481,0.163,0.139,1
"Map3k6",0.0278833425125251,-0.0667494249266861,0.216,0.292,1
"Slc19a3",0.0279171614926208,-0.0723986205711485,0.28,0.375,1
"Ttc39b",0.0279826348646157,0.0551865044108429,0.123,0.096,1
"Tmcc3",0.0279992971652705,0.0747231176684806,0.422,0.416,1
"Sumf1",0.0280381804500488,0.0537095965465372,0.13,0.106,1
"Srrm2",0.0280644951412976,-0.0558773609737901,0.792,0.856,1
"Sipa1l3",0.0280668371156415,0.0642309232588704,0.214,0.19,1
"2300009A05Rik",0.028072733576584,-0.0565305400852009,0.102,0.16,1
"Casp8ap2",0.0281000391469287,0.0722871085590438,0.281,0.255,1
"Map2k4",0.0282018547435643,0.0698506911357162,0.303,0.283,1
"Glce",0.0282630161261964,0.0577086234984001,0.161,0.144,1
"Tsc1",0.0283081097750173,0.050294853644232,0.115,0.085,1
"Usp45",0.0283359299586463,0.0582478489255808,0.14,0.126,1
"Apip",0.0285504147135979,-0.0562395490925849,0.121,0.176,1
"Arl13b",0.0286180975003319,0.0711086777000983,0.27,0.255,1
"Gpx7",0.028633841843242,-0.0534326126678506,0.115,0.173,1
"Tnpo3",0.0286436565908629,0.0716673205341604,0.295,0.292,1
"Mid1",0.0287350507724272,0.0689043121459629,0.205,0.183,1
"Wdr82",0.0287992062305902,-0.0672634159241344,0.222,0.309,1
"Irak4",0.0289246547216497,0.0547000294680191,0.126,0.099,1
"Uckl1",0.0290012960434409,-0.0508518398252253,0.079,0.13,1
"Tnfrsf19",0.0290848400882185,0.0750332195711647,0.48,0.493,1
"Sltm",0.0290955564234171,0.0756403228709118,0.466,0.449,1
"Ipo5",0.02911435165926,0.0546459377469065,0.152,0.113,1
"Cldn34c1",0.0292291539293636,0.057321978518238,0.149,0.129,1
"Ptpn9",0.0292422735698738,0.0664202349468954,0.188,0.183,1
"Pde8a",0.0292459997443027,0.0725143514917119,0.545,0.55,1
"Zfand2b",0.0292463555634133,-0.0559521938233717,0.129,0.178,1
"Tbc1d32",0.0293082151082704,0.0578630686142109,0.135,0.106,1
"Mrpl52",0.029328030834464,-0.070721261138591,0.317,0.407,1
"Shb",0.0293935449727355,-0.0540810876806111,0.112,0.169,1
"Afap1l1",0.0294302549438473,-0.0633885039883337,0.663,0.775,1
"Ccndbp1",0.0295136780291947,-0.0542885874407147,0.107,0.156,1
"Trmt11",0.0295152864143941,0.0537610715136532,0.127,0.101,1
"Ubr2",0.029524016530748,0.0722508595339842,0.424,0.411,1
"Khk",0.0295418407588268,-0.0510390307611441,0.081,0.13,1
"Zadh2",0.0295689176635196,-0.0672139520349251,0.233,0.307,1
"Cd59a",0.0296062869608137,-0.0705775461668895,0.604,0.678,1
"Papola",0.0296568957134275,0.0691490793006572,0.576,0.576,1
"Commd3",0.0296586214968979,-0.0688024436032448,0.286,0.373,1
"Spice1",0.0297031622569333,0.0604811072469913,0.148,0.123,1
"Manbal",0.0297072005886412,-0.0605351723891107,0.146,0.211,1
"Srbd1",0.0298474436126999,0.0648627911386757,0.225,0.188,1
"Nsfl1c",0.0299585558980391,-0.0687438153727438,0.256,0.341,1
"H1f0",0.030014248370652,-0.0754629444048446,0.301,0.385,1
"Kpna4",0.0300149644868177,-0.0712090828052122,0.478,0.588,1
"Sh3d19",0.0301676096381232,0.0699161845830623,0.272,0.254,1
"Spire1",0.0302222074457023,0.0568330451434829,0.129,0.103,1
"Mbtps2",0.0302310753506379,0.0539083365241408,0.134,0.105,1
"Lsm1",0.0302498513872108,-0.0546850537517017,0.112,0.174,1
"Pafah1b2",0.030312174629598,-0.0694941368526534,0.315,0.399,1
"Ppic",0.030318936087838,-0.0684043322294642,0.234,0.319,1
"Papss1",0.0304210212139609,-0.0671464737548758,0.256,0.35,1
"Mau2",0.0304855357769115,0.0631440865668682,0.239,0.215,1
"1810058I24Rik",0.0305089425180641,-0.0700312350335033,0.27,0.346,1
"Mapk8",0.0305939266651357,0.0611322113347686,0.185,0.164,1
"Brox",0.0306133337330352,-0.0630942595035162,0.191,0.263,1
"Pde4b",0.0306908796184104,0.0676607266381198,0.185,0.16,1
"Prkci",0.0310062977323917,0.0518080754095241,0.143,0.112,1
"Srrm1",0.0310952467145358,-0.0691390592438514,0.53,0.632,1
"Srpk2",0.0311921511045961,0.0719299254493674,0.376,0.375,1
"Fam210b",0.031199570039783,-0.0519050339532553,0.106,0.15,1
"Sept9",0.0312012045468588,0.0651065152519756,0.258,0.234,1
"Mrpl2",0.0312317317995941,-0.0600903686821334,0.126,0.19,1
"Pin1",0.0312661300799252,-0.0663291279149348,0.242,0.317,1
"Twf1",0.0313243821571589,-0.0688408307168148,0.286,0.373,1
"Dapk1",0.0313312230386819,-0.0727385579398022,0.219,0.31,1
"Rexo4",0.0313479860216199,-0.0555764405174879,0.127,0.176,1
"Gpkow",0.0315792102513468,-0.0569768503949987,0.143,0.2,1
"Irgm2",0.0316547069982007,-0.0671872312766362,0.22,0.295,1
"Rit1",0.0316662570409555,-0.0654016177514546,0.227,0.305,1
"Scarb2",0.0316864862082996,0.0676508024372741,0.311,0.296,1
"Suco",0.0318129850296763,0.0677850616726503,0.233,0.214,1
"Atp13a3",0.0318373021164095,0.0772276186029409,0.416,0.407,1
"Tiam2",0.0318672672795733,0.0626984289004001,0.16,0.133,1
"Plekhg1",0.0318733282304328,0.0682209557305388,0.643,0.67,1
"Dctn1",0.0319533173651587,0.0702742657650645,0.396,0.384,1
"Zfp511",0.0320882771173646,-0.0545202483400256,0.112,0.164,1
"Rprd1a",0.0321003570995988,0.060115746549817,0.171,0.144,1
"Golm1",0.0321752744667096,-0.0666105273291194,0.236,0.32,1
"Rap1gds1",0.0322470554141267,0.0738953398795829,0.506,0.534,1
"Snrnp200",0.0322686777016509,0.0697421104701276,0.339,0.329,1
"Zbtb41",0.0323520203604525,0.0514861927546259,0.124,0.098,1
"Tbc1d19",0.0323654221742137,0.0624637412416252,0.194,0.171,1
"Snrpa1",0.0324793286896579,-0.0622855580771081,0.194,0.251,1
"Dhx8",0.0325335772718737,-0.0578362678603779,0.123,0.193,1
"Syde1",0.0325611162004498,-0.0540888664147496,0.127,0.178,1
"Jmy",0.0327969092932315,0.0725912321488441,0.402,0.399,1
"Vps35l",0.032806622967599,0.0578042302247181,0.182,0.152,1
"Snx16",0.0330692301932865,-0.0509722872420602,0.087,0.136,1
"Rbm27",0.0332167867206866,0.0701587095116583,0.377,0.358,1
"Gatad2b",0.0332342745055058,0.0692024931848176,0.477,0.483,1
"Emc10",0.0334139955763371,-0.0679856693732204,0.3,0.381,1
"Crnkl1",0.033455482743561,-0.0619704956318148,0.174,0.248,1
"Dhrs1",0.0334770528328365,-0.0525900061341543,0.116,0.173,1
"C2cd2",0.0335500894504822,0.0672213328505747,0.269,0.235,1
"Palm",0.0336150035815711,-0.0709096915769692,0.547,0.646,1
"Palmd",0.0337019680244454,-0.0531120166427854,0.829,0.909,1
"Atad2b",0.0337445326172349,0.0709933592381248,0.349,0.347,1
"Sos1",0.0337801377814105,0.0710731546568457,0.589,0.592,1
"Gmeb1",0.0338003054115004,0.056499111102565,0.152,0.13,1
"Ccdc127",0.033824739285037,-0.0636049833210359,0.213,0.278,1
"Ppp4r3a",0.0338584512291326,0.0677136816635098,0.27,0.251,1
"Phf8",0.0338868375368914,0.0562471893696513,0.171,0.146,1
"Hook3",0.0339096304988738,0.0668404628477085,0.635,0.667,1
"Gtpbp4",0.0340182913801749,-0.0692119764834647,0.267,0.364,1
"Tmem87a",0.0341990495593952,0.0630231964619012,0.21,0.193,1
"Cwc25",0.0343452273116376,-0.0609233945904107,0.166,0.222,1
"Zcchc10",0.0344387556270777,-0.0572581418704353,0.14,0.174,1
"Carnmt1",0.0345076229111181,0.0587376030420679,0.174,0.152,1
"Shprh",0.0345087365310733,0.0663867028013904,0.245,0.231,1
"Serp2",0.0345448678400975,-0.0589757736956516,0.149,0.215,1
"Stag2",0.0345484107103804,0.0698125301854452,0.536,0.538,1
"Aebp2",0.0346727317580841,0.064985105485843,0.266,0.235,1
"Vkorc1",0.0347470321959835,-0.0624923521254127,0.22,0.295,1
"Hadh",0.0348301151988158,-0.0676214404059617,0.309,0.384,1
"Hspg2",0.0348568259278634,0.0695094244634322,0.293,0.28,1
"Gm26510",0.0349207562087857,0.0572076669828218,0.161,0.14,1
"Lemd2",0.0350061602796633,-0.052705466112477,0.124,0.186,1
"Rab3gap1",0.0352214569708552,0.0688375447089825,0.329,0.317,1
"Egln1",0.0353325857507774,-0.0701962418879964,0.342,0.436,1
"Foxc1",0.0355238931860936,-0.0691023875082671,0.48,0.582,1
"Tmx2",0.0355555636226063,-0.0568890668867187,0.12,0.19,1
"Jak2",0.0355976877338576,0.0697998653022098,0.342,0.34,1
"Zfp715",0.0355977654223334,0.0526125514826927,0.12,0.102,1
"Pik3ca",0.035626680725794,0.0699819099464082,0.379,0.357,1
"Diaph1",0.035660211242193,0.0717657115869395,0.447,0.445,1
"Ccdc124",0.0356670999476456,-0.065297441949126,0.225,0.302,1
"Hpf1",0.0357460491274389,-0.064453554206412,0.203,0.254,1
"Clns1a",0.0359389899090679,-0.062466703349207,0.188,0.271,1
"Ncoa7",0.0359537718235586,0.0719414202128715,0.335,0.305,1
"Azin1",0.0360179503009427,-0.0778380672230129,0.356,0.432,1
"Mplkip",0.0360365630811366,-0.0559134984727522,0.148,0.21,1
"Ptpra",0.0360413807852592,0.0705119312081309,0.512,0.527,1
"Sdccag8",0.0360617598340175,0.060561899855444,0.18,0.164,1
"Fam13b",0.0360932314077498,0.066543209494306,0.259,0.239,1
"Syncrip",0.0361409534525412,0.0704310383525009,0.328,0.316,1
"Ube2n",0.0361519890761053,-0.0664178264835664,0.262,0.353,1
"Ctbp2",0.0363217033689829,-0.0675165846481709,0.306,0.367,1
"Top3b",0.0363850579612455,-0.055346017946465,0.118,0.174,1
"Bdp1",0.0365651092109895,0.0720055772159988,0.365,0.353,1
"Cnot8",0.0365985773230158,-0.053314809275186,0.135,0.191,1
"Vtn",0.0366181835614481,0.100138777270469,0.343,0.312,1
"Kmt5b",0.0366700771790055,0.0680575846421039,0.382,0.374,1
"Rab35",0.0367090492354842,-0.0590462067038219,0.166,0.229,1
"Pold4",0.0367408427372085,-0.0598677230951961,0.148,0.218,1
"Paip1",0.0368814641434371,-0.0677152371893503,0.253,0.363,1
"Ppp2cb",0.0368850217000224,-0.0641222684447316,0.189,0.272,1
"Mtmr9",0.0369462954911308,0.0553928968349963,0.161,0.144,1
"Sipa1",0.0370619438443112,-0.0685307044781894,0.335,0.438,1
"Galnt1",0.0373020063573656,0.0693081444929201,0.342,0.324,1
"Msl2",0.0373180783736206,0.0630991075809314,0.272,0.255,1
"Cgrrf1",0.0373400381249217,-0.0579590343640716,0.163,0.208,1
"Cpeb3",0.0373426184376093,0.0562117545140809,0.16,0.13,1
"Plscr1",0.0373966999518959,-0.0715536926614134,0.298,0.387,1
"Cby1",0.0374063320958255,-0.0547713717179375,0.116,0.169,1
"Ywhaz",0.0375159059149158,-0.0568601401861795,0.733,0.822,1
"Lnpk",0.0376123286675131,0.0514998145431275,0.107,0.089,1
"Ankra2",0.0377965536644523,-0.0575982534657647,0.124,0.19,1
"Fnbp1",0.0377989213574058,0.0560774686162451,0.14,0.13,1
"Pik3c2a",0.0378780792617387,0.0658214876481926,0.616,0.652,1
"Pcna",0.0379186912133557,0.0612839464851174,0.214,0.193,1
"Setd3",0.0379701811609969,-0.0696252040107177,0.303,0.404,1
"Tacc2",0.0379929804977798,0.0648918535113457,0.297,0.271,1
"Fam13a",0.0380818953349076,0.0573595131175155,0.109,0.089,1
"Cds2",0.038353054448991,0.0688251011014359,0.385,0.381,1
"Cpsf6",0.0383850564575043,0.0654147161444193,0.335,0.319,1
"Siah1a",0.0384199484903101,-0.0635036729739436,0.256,0.329,1
"Dcaf6",0.0384865949235471,0.0710304610590667,0.328,0.313,1
"Syt15",0.0384874452762371,-0.0571948321067206,0.143,0.184,1
"Smpd1",0.038635401094893,-0.052950136244261,0.129,0.191,1
"Supt5",0.038722635509152,-0.0657042817008288,0.301,0.384,1
"Kdr",0.0387317385771839,-0.0675581520194224,0.685,0.765,1
"Ralb",0.0387454224632229,-0.0670793414681778,0.303,0.392,1
"Ammecr1l",0.0388099781335705,0.0549167129529934,0.157,0.14,1
"Pde6d",0.0388260596790323,-0.060436215200714,0.183,0.252,1
"Cbx7",0.0388874584708546,0.0504996720698357,0.138,0.115,1
"Ak3",0.0388937457101912,-0.0685545740587185,0.399,0.49,1
"Gm9917",0.0389768239931455,-0.0577706031021704,0.148,0.212,1
"Tmpo",0.0389866814143897,0.0666210542994277,0.52,0.523,1
"Mannr",0.0390139589778457,0.0788731247231134,0.335,0.327,1
"BC005561",0.039112708127081,-0.0673239857973472,0.238,0.312,1
"Ube2g1",0.0391263507472441,0.0690993888982688,0.415,0.425,1
"Tmem205",0.0391608035594483,-0.0620418690647624,0.234,0.31,1
"Fam43a",0.0391801692510575,-0.0511185336198979,0.101,0.157,1
"Trappc2l",0.0392292923802793,-0.0602705276898908,0.196,0.256,1
"Pkig",0.0393007184251767,-0.0659562193165159,0.564,0.666,1
"Cyp39a1",0.0395403646952768,0.0549729647165097,0.154,0.133,1
"Snap23",0.039615588985298,-0.0648976872422634,0.276,0.356,1
"Myg1",0.039642120215316,-0.0501636620057513,0.104,0.153,1
"Bmt2",0.0397937646581102,0.0613264218832399,0.196,0.171,1
"Usp4",0.0401677146662529,0.0639975397594325,0.287,0.278,1
"Man2a1",0.0403455846289782,0.0689625868518253,0.343,0.336,1
"Gbp2",0.040405213156992,-0.069527341754862,0.29,0.371,1
"Srsf10",0.0404529043688241,-0.065978936016037,0.301,0.381,1
"Atp6v1d",0.0404533903215534,-0.0653867654641899,0.306,0.402,1
"Echdc1",0.0405762127438153,0.0541502662781304,0.137,0.113,1
"Dhx38",0.040633586636321,0.0530738021021253,0.151,0.132,1
"Spindoc",0.0406587768135316,0.051612365106853,0.127,0.11,1
"Baiap2l1",0.040750821146708,-0.062835449428665,0.219,0.302,1
"Ier3ip1",0.0409236751148726,-0.0675595290356581,0.388,0.473,1
"Immp1l",0.0410406105255022,-0.066153079779387,0.28,0.357,1
"Dnajc13",0.0411212373061698,0.0662019187277519,0.317,0.3,1
"Brd4",0.0411605400312053,0.0680370829443324,0.5,0.507,1
"Fbxo34",0.0411647336978867,0.051816468324416,0.149,0.122,1
"Hdac2",0.0411791768548489,-0.0570127469384488,0.175,0.241,1
"Zfp869",0.0413642908430046,-0.0525080990365224,0.113,0.169,1
"Zzz3",0.0414629821914872,0.0679239128373609,0.362,0.344,1
"Tnrc6c",0.0415559166161265,0.0653378369598339,0.623,0.652,1
"Nsmaf",0.0415665009369563,0.0586525891338089,0.197,0.181,1
"Agps",0.0417192736106526,0.0641129660389556,0.273,0.244,1
"Ormdl2",0.0417368531438103,-0.053133851177704,0.132,0.181,1
"Parl",0.0418051055107797,-0.0565046071373673,0.154,0.215,1
"Sos2",0.041827775456137,0.0683419840234245,0.461,0.463,1
"Cyb561",0.0419108288430817,-0.0523412276333625,0.109,0.159,1
"Ehbp1l1",0.041940344762497,-0.0598871134993284,0.189,0.259,1
"Macrod2",0.0419494036832667,0.0720626451097452,0.16,0.15,1
"Gvin1",0.0420009997477111,0.0557175966169163,0.169,0.147,1
"Lias",0.0420319573674361,-0.0593711108367248,0.14,0.195,1
"Ccnc",0.0421206193170631,-0.0537610323951226,0.135,0.191,1
"Bsdc1",0.0421342002557278,-0.0589295499092861,0.188,0.252,1
"Plpp6",0.0422622123021983,-0.0633500638894475,0.202,0.275,1
"2310009A05Rik",0.0422978346410465,-0.0573434743902659,0.135,0.195,1
"Rufy3",0.042435033441738,0.0563674964978405,0.166,0.149,1
"Vcpip1",0.0424433986735932,0.060497872184263,0.214,0.19,1
"Ing4",0.0424723686660553,-0.056681406184559,0.154,0.221,1
"Rab11fip2",0.0424893724954487,0.0592040206587238,0.179,0.157,1
"Mid2",0.0426187399675587,0.0518373368694789,0.127,0.11,1
"Mfn2",0.0428137616396381,0.0543823293452164,0.157,0.142,1
"Oma1",0.0428738574539959,0.0606791160297456,0.238,0.217,1
"Fam193b",0.0428995450442098,0.0551542120702938,0.161,0.137,1
"Tfrc",0.0430159176806958,-0.0865482879682847,0.435,0.496,1
"Dnajc7",0.0430956166288823,-0.0653095963877982,0.368,0.472,1
"Wars",0.0431140953947795,-0.0560988234927042,0.16,0.228,1
"Psmd4",0.0431166736189069,-0.0658452966516786,0.505,0.596,1
"Trip4",0.0431204633540468,0.0602772299888785,0.219,0.204,1
"Scnm1",0.0434149348160055,-0.0520674168081335,0.113,0.163,1
"Ccdc117",0.0434643039987161,-0.0542481964885776,0.14,0.194,1
"Psmd2",0.0434984981910863,-0.0652811173009746,0.379,0.484,1
"Lrrfip2",0.0435274561348818,0.0643967053902075,0.326,0.313,1
"Mrpl54",0.0435552110542875,-0.0568029210840987,0.143,0.194,1
"S100pbp",0.0435760659053664,0.0533601923139785,0.14,0.122,1
"Hist1h1c",0.0436009421767758,-0.0680529077643229,0.242,0.333,1
"Pdpk1",0.0436345508987137,0.0630585207596236,0.253,0.234,1
"Gjc1",0.0437025568296077,-0.0685899832577133,0.489,0.599,1
"Pgls",0.0437306233468129,-0.0652997227440334,0.264,0.35,1
"Smarce1",0.0437608370111288,-0.0658285429680752,0.371,0.46,1
"Zfp384",0.043825890648663,-0.0502138104282623,0.109,0.157,1
"Snx14",0.043841230046766,0.0541071576048506,0.171,0.143,1
"Peak1",0.0438465491804209,0.0681779671359347,0.486,0.497,1
"Colgalt2",0.0440176101231634,0.0661007774606913,0.239,0.224,1
"Mtf2",0.0441709849691296,0.0625969820074643,0.255,0.241,1
"Ccdc66",0.0442355674264879,0.0561604434611038,0.189,0.159,1
"Vps36",0.0442415119312519,-0.0670940582136138,0.489,0.575,1
"Dld",0.0442594672318074,-0.0611841971127534,0.217,0.295,1
"Mad2l2",0.0444657741529023,-0.052306457403418,0.112,0.166,1
"Nuak1",0.0445324836490729,-0.0647645139437399,0.196,0.259,1
"Glrx5",0.0446596333140969,-0.0601518314882107,0.199,0.276,1
"Dkc1",0.0446682471594264,-0.0574834407893711,0.163,0.22,1
"Pnrc2",0.0447515194919821,-0.0588284967403052,0.179,0.256,1
"Naa35",0.0447844035274562,-0.0646613911258762,0.258,0.341,1
"Nde1",0.0448677669429879,-0.0638760829388884,0.293,0.384,1
"Gas2l1",0.0449337894291444,-0.0548424635936496,0.152,0.231,1
"Mapre2",0.0450063828998289,0.0591984146385129,0.202,0.17,1
"C87436",0.0450640744552915,-0.0537161399468468,0.112,0.161,1
"Fbxl20",0.0450766333961688,0.0607506457960053,0.234,0.21,1
"AC149090.1",0.0451779310757165,0.0701907020625043,0.516,0.517,1
"Stard7",0.0452271302535507,0.050512573610791,0.144,0.122,1
"Plscr3",0.0452389392771335,-0.0531890476077982,0.137,0.183,1
"Sel1l",0.0452513098774619,0.0657337044012514,0.362,0.348,1
"Prrg1",0.0452659785892245,0.0705469789602198,0.348,0.334,1
"R3hdm4",0.0455370454336375,-0.0507167225707705,0.11,0.164,1
"Acadm",0.0456334744753566,-0.0655073196413929,0.289,0.367,1
"Smarca2",0.0456417968151211,0.0587702946790212,0.753,0.786,1
"Csk",0.0458061777003689,-0.0516651583812525,0.116,0.167,1
"Maea",0.0458203296648967,-0.0629450579934993,0.239,0.326,1
"Ssr3",0.045856860590074,-0.0659655240498782,0.379,0.476,1
"Sf3b1",0.0458924804483694,-0.0598900953998502,0.64,0.731,1
"Nos3",0.0461799902218264,-0.0613189363879004,0.602,0.712,1
"Tmem179b",0.0461812805170103,-0.0509216053403162,0.113,0.169,1
"4921524J17Rik",0.0461848225311107,-0.0633459214987248,0.255,0.316,1
"Ktn1",0.0462386708931241,0.0608902027571618,0.7,0.695,1
"Thap11",0.0464018294111116,-0.0529269133911247,0.126,0.195,1
"Akap11",0.0464262354093083,0.0648947240423279,0.357,0.346,1
"Nfyc",0.0465816181308076,0.0545195083030635,0.171,0.146,1
"Prkcb",0.0467396620194449,0.069678016099973,0.219,0.195,1
"Tmem134",0.0468079047283366,-0.0643595279838604,0.297,0.377,1
"Prxl2c",0.0468526386511659,-0.0652761221400762,0.301,0.408,1
"Zdhhc5",0.0469719037727915,0.054780795707198,0.174,0.156,1
"Hrct1",0.0472140313215426,-0.0729954230738117,0.326,0.387,1
"Prr13",0.047259287662459,-0.0629501914767211,0.275,0.348,1
"Jade2",0.0472961277692625,0.0514457427754198,0.141,0.12,1
"Taf1",0.0473300695780171,0.0663087776359581,0.382,0.374,1
"Rock2",0.0473500469330398,0.0556603792854555,0.767,0.802,1
"Tmem9b",0.0473598101037255,-0.0603711167451448,0.194,0.268,1
"Csnk1g2",0.0475024735715935,-0.064672314060532,0.332,0.418,1
"Myef2",0.0477068519118468,-0.0586790919369666,0.197,0.266,1
"Wdr26",0.0480614718426507,0.0660763259086395,0.418,0.431,1
"Elovl7",0.0482151087407442,-0.0642134807845499,0.551,0.637,1
"Avl9",0.048221322381806,0.0634230724087835,0.28,0.276,1
"Cemip2",0.0482360526589457,0.0573855458787842,0.191,0.167,1
"Golgb1",0.0482630335459263,0.0656091166231338,0.567,0.585,1
"Luc7l3",0.0482720046513863,0.0650447364258649,0.452,0.445,1
"R3hdm2",0.0482980878527749,0.0659978828348644,0.556,0.554,1
"Casd1",0.0485048919772136,0.0633020906201517,0.312,0.276,1
"Rab3gap2",0.0485717902613498,0.0554573391474456,0.177,0.156,1
"Dph6",0.0485864899057468,0.0602162658987702,0.193,0.177,1
"Cnppd1",0.0485993874897771,-0.0560409050530291,0.149,0.218,1
"Upf3b",0.0486992992018848,-0.0640498077094336,0.248,0.307,1
"Tcim",0.0489266447725753,-0.0522529079282995,0.084,0.125,1
"Ccdc32",0.0490009059460043,-0.0533610134443568,0.123,0.187,1
"Klhl20",0.0491972738017443,0.0512271071360761,0.174,0.144,1
"Fbxw8",0.0493069152564374,0.0531214037291626,0.163,0.147,1
"B230219D22Rik",0.049343420452382,-0.0580485240710239,0.648,0.728,1
"Hnrnpa3",0.0493789575145128,-0.0502277970740088,0.767,0.89,1
"Arid4a",0.049510215538769,0.0658804096462609,0.537,0.531,1
"Stk38",0.049677108627096,-0.0627162160066864,0.536,0.632,1
"Odr4",0.049705973697243,-0.0605995169272286,0.219,0.282,1
"Slc52a2",0.0499938974435901,-0.05041864094473,0.099,0.149,1
"Mrpl28",0.0500125309872454,-0.0554638390873308,0.152,0.224,1
"Tmc7",0.0501878916886432,-0.0659113499043477,0.225,0.292,1
"Uaca",0.0502161134420201,0.0595427835960121,0.716,0.725,1
"Psmd7",0.0502440471915473,-0.0628397627450553,0.548,0.627,1
"Csnk1d",0.0502675452825012,0.0623274571660073,0.28,0.272,1
"Slc25a32",0.0509013580127205,0.0603094237032818,0.252,0.221,1
"Akap8l",0.0510266481935166,-0.0632623012879006,0.314,0.39,1
"Zfp445",0.051067502961354,0.059598850647552,0.276,0.242,1
"Btbd1",0.0512756124124664,-0.0641352779006577,0.343,0.432,1
"Cpd",0.0513437406844707,0.0613724454093972,0.599,0.61,1
"Ccm2l",0.0514535616378812,-0.0624137839255424,0.402,0.492,1
"Lbr",0.0515329377993123,-0.0634980917310833,0.318,0.421,1
"Ctbp1",0.0517280131666911,-0.0631199009194114,0.32,0.426,1
"Lrif1",0.0518119897037982,-0.055739250397702,0.14,0.205,1
"Mpzl1",0.0519217877554412,-0.0562779574734973,0.693,0.766,1
"Mapkapk2",0.0519231759762206,-0.0530534735202893,0.134,0.2,1
"Sirt1",0.0520145078845569,0.0512674222343796,0.152,0.135,1
"Alox12",0.0521964986741906,0.0545601499327619,0.172,0.153,1
"Cd200",0.0523263310582734,0.0635083893313841,0.668,0.697,1
"Spop",0.0523740161010797,0.0614959184850645,0.648,0.678,1
"Srsf4",0.052422590901354,0.0636105960668192,0.321,0.32,1
"Ssh1",0.0526120104729904,0.0539906126461311,0.169,0.159,1
"Zfp62",0.0528583585629648,0.0547079691123207,0.18,0.159,1
"Smim14",0.0531698676401784,-0.0623442850153657,0.475,0.569,1
"Lzts1",0.0532742775932801,-0.0500504933866301,0.099,0.163,1
"Plekhh2",0.0533384648886292,0.0652010528016861,0.23,0.208,1
"Mob1a",0.0534015034238051,0.0632775291928078,0.396,0.384,1
"Cd9",0.0535060225730766,-0.0751364227159367,0.441,0.47,1
"Rnf214",0.0538479101213652,0.0585130065271923,0.222,0.2,1
"Cbx1",0.0539288793304234,-0.0616216969554644,0.542,0.629,1
"Atp1a2",0.0539408531040887,0.0858083069919208,0.365,0.37,1
"Spred2",0.0539806780440084,0.0655667052806584,0.258,0.251,1
"Abhd5",0.0539935093910854,-0.056117133518111,0.191,0.256,1
"Cyb5r3",0.0541119457890559,-0.0640544894504786,0.525,0.616,1
"Ccpg1",0.0543020637021644,0.0631953900041958,0.374,0.377,1
"Actr3",0.0543460114902951,-0.0616598730258968,0.53,0.623,1
"Lin7c",0.0545296798730051,-0.0578658878398028,0.222,0.289,1
"Kctd12",0.0547706802208737,-0.0646859788704545,0.408,0.496,1
"AW011738",0.0548252625281825,0.0521584047780532,0.155,0.132,1
"Slc38a5",0.0548389753326853,-0.067285277414904,0.126,0.183,1
"Slco2b1",0.0548761966562221,0.0691880275880355,0.388,0.38,1
"Suclg2",0.0549233092926234,0.0552824583072196,0.174,0.153,1
"Zkscan1",0.0550185211051951,-0.0545481430182295,0.177,0.224,1
"Tshz3",0.0550199259194516,0.0576768216397332,0.199,0.183,1
"Hif1a",0.055059765767019,0.0661992377639781,0.362,0.371,1
"Rlf",0.0550812039769372,0.0599692881120324,0.267,0.259,1
"Sqor",0.0551175980614974,-0.0522702019439789,0.171,0.231,1
"Saysd1",0.0551661535937918,-0.0559061771959118,0.175,0.238,1
"Zdhhc20",0.0553102065290489,0.0643318174989708,0.377,0.358,1
"Fam149b",0.0553495302032059,0.0525440614844023,0.188,0.169,1
"Ino80",0.0553987051743143,0.0608911370377015,0.25,0.245,1
"Ap1g1",0.0554161722734784,0.0596845154194372,0.317,0.302,1
"Ano10",0.0554641316295691,0.0514882933699446,0.166,0.15,1
"Abcf1",0.055571853023321,-0.0630307995395338,0.48,0.568,1
"Sfxn3",0.0559005348536062,-0.0553137438016064,0.175,0.242,1
"Sh3kbp1",0.0559008056649534,0.0604704197647743,0.231,0.207,1
"Sncaip",0.0559958375811806,0.0571988574175873,0.166,0.149,1
"Camk2g",0.0560111122498775,0.0541496785476682,0.207,0.186,1
"Ndufa4l2",0.0560483122149745,-0.0741368109855804,0.21,0.271,1
"Gja1",0.0561853566454043,0.0691426780006822,0.248,0.248,1
"Tmbim1",0.0562966443100776,-0.0539774038493098,0.205,0.271,1
"Galk1",0.0563660916754243,-0.0520135393387124,0.12,0.176,1
"Ufl1",0.0563726287169311,-0.0597373818194145,0.242,0.306,1
"Cfdp1",0.0564730537856393,-0.0623701579811318,0.469,0.569,1
"Taf3",0.0565299658779216,0.0644820859299979,0.349,0.336,1
"Camk1",0.0565847000736604,-0.0589894004368194,0.236,0.309,1
"Pcsk7",0.0568853177661019,0.0523795005108668,0.177,0.157,1
"Mms19",0.0570629227213967,0.0512051985088678,0.166,0.153,1
"Strbp",0.0571822388147011,0.0637790104653995,0.339,0.329,1
"Tubgcp5",0.0574154148268656,0.0529760715152027,0.197,0.174,1
"Rnf185",0.0574902895124849,-0.0506894652696909,0.135,0.197,1
"Ppp1r16b",0.0575051638087429,0.0635269286067905,0.461,0.458,1
"Ppfia1",0.0579898380310282,0.0613099106873087,0.318,0.314,1
"Zmat2",0.0580708507148993,-0.0619218935029586,0.387,0.475,1
"Rbm17",0.0581217075329311,-0.0592138574043182,0.214,0.289,1
"Marf1",0.0581442401325432,0.0632741454448365,0.359,0.343,1
"Aida",0.0582654918696786,-0.0630918798793054,0.359,0.418,1
"Paqr5",0.0583199933064333,-0.0525108846802491,0.734,0.824,1
"Anapc4",0.0585452528979423,-0.0569915351507147,0.193,0.251,1
"Yeats4",0.0587529514394239,-0.0547138973819182,0.163,0.228,1
"Syn3",0.0587885973482176,0.0660793392818114,0.352,0.348,1
"U2af2",0.0588383383155925,-0.0574195424065632,0.266,0.337,1
"Invs",0.0588384797704509,0.0559249339134839,0.185,0.167,1
"Pcgf3",0.0591293403336237,0.0504182031641226,0.168,0.157,1
"Jak1",0.0592430002898952,0.0619336893638487,0.514,0.514,1
"Stk24",0.059623786015577,0.0618926258533218,0.366,0.368,1
"Gosr2",0.0596612889708611,-0.05309500775974,0.182,0.239,1
"Ubac2",0.0597682023855973,0.0575272431695719,0.224,0.22,1
"Atg5",0.0599202930436765,-0.0574513822965494,0.222,0.305,1
"Ggact",0.0600244486106703,0.057789947344125,0.23,0.221,1
"Nadk",0.0600261687845369,-0.05783922872331,0.224,0.3,1
"Mphosph10",0.0601209276261419,-0.053576117233493,0.179,0.229,1
"Pot1b",0.0606120248279481,0.0534897972705741,0.149,0.139,1
"Khnyn",0.0607924249818042,0.0506134394446343,0.182,0.161,1
"Zfp318",0.0609904502876028,0.0544344787209475,0.182,0.153,1
"As3mt",0.0611611163557915,-0.0536545169826612,0.18,0.234,1
"Ythdf3",0.0612221279593663,0.0599151156175096,0.335,0.331,1
"Tmem33",0.0612372406356273,-0.0582370937698083,0.224,0.31,1
"Atxn3",0.0613177292735564,0.0572722490450298,0.211,0.195,1
"Itprid2",0.0614295158400478,0.065069937399432,0.557,0.551,1
"Rad54l2",0.061448620386743,0.054575235633605,0.202,0.174,1
"Mtss1",0.0615396611868959,0.063997427406266,0.486,0.514,1
"Mgat4b",0.0616410082775947,-0.0549038806549874,0.172,0.246,1
"Ttc1",0.0616988258907488,-0.0539018588891728,0.183,0.232,1
"Togaram1",0.061945776513418,0.0568441254392268,0.21,0.194,1
"Insig2",0.0620797203104317,-0.0551760548222268,0.205,0.261,1
"Pdxk",0.0626068371493083,0.0633331460710489,0.46,0.492,1
"Plxnd1",0.0626351014866594,-0.0608665008143364,0.323,0.414,1
"Bhlhe40",0.0628159224869746,0.0637667755213612,0.441,0.419,1
"Ocln",0.063021722144838,-0.0533075745536011,0.705,0.792,1
"Scd2",0.0631456864313184,-0.0614430716914833,0.262,0.358,1
"Cdk12",0.0633764814723921,0.0612788320327902,0.495,0.501,1
"Afg3l1",0.0634477120403316,0.0505256510622908,0.151,0.136,1
"Atf2",0.0634867604095486,0.0622135177051026,0.301,0.309,1
"Nek9",0.0638203520157869,0.0586131273818246,0.289,0.271,1
"5031425E22Rik",0.0639555027632227,0.0602613688624791,0.311,0.306,1
"Stk4",0.0639995186781493,0.0504383334265918,0.149,0.137,1
"Virma",0.0640005601738059,0.0612416883718076,0.346,0.344,1
"U2surp",0.0640528740374814,-0.06200254660174,0.421,0.479,1
"Osbp",0.0642144826696341,-0.0571357155715536,0.245,0.32,1
"Peg13",0.064365626622478,-0.0517356455525645,0.169,0.231,1
"Adam15",0.0643723931688432,-0.0606088178331536,0.568,0.667,1
"Cep162",0.0645670468499415,0.0564052532261324,0.179,0.161,1
"Rest",0.0646406785601928,-0.0576970411929211,0.219,0.282,1
"Cast",0.0650185584161495,-0.0527314101040997,0.705,0.805,1
"Cdc37l1",0.0650525087617328,0.0614334613908775,0.45,0.458,1
"Dguok",0.0652301763021011,-0.0573934302233669,0.269,0.341,1
"Rhoq",0.0655748314053659,-0.0567348038480761,0.224,0.296,1
"Clybl",0.0656611581980057,0.0511052305551141,0.126,0.106,1
"Tnfaip8",0.0658006868639172,-0.062500485591224,0.267,0.334,1
"Jkamp",0.0658943911182006,-0.0545710049969585,0.214,0.285,1
"Impdh2",0.0660713597692772,-0.0548800712054458,0.179,0.244,1
"Mettl16",0.0661141310608311,-0.0507614921623052,0.155,0.22,1
"Pspc1",0.0661878531569909,0.0522545808911525,0.188,0.17,1
"Cep170",0.0662703641890796,0.0579427562995528,0.264,0.251,1
"Crkl",0.0663268814544219,0.0501358875509955,0.182,0.167,1
"Chp1",0.0663929507094974,0.0572274062243399,0.266,0.266,1
"Nos1",0.0663950935410263,0.0687025731234229,0.233,0.231,1
"Ap3b1",0.0664452368955159,0.0601302670872492,0.393,0.387,1
"Cmas",0.0664743193473168,-0.0543612902829524,0.183,0.246,1
"Prpf19",0.0665228052710003,-0.0520760962340987,0.169,0.231,1
"Zfp646",0.0666545475761615,0.0501154363068735,0.174,0.166,1
"Endod1",0.0667699265421482,0.0560652843408244,0.238,0.22,1
"Hspa4",0.0674604653698394,-0.0587903498285889,0.488,0.571,1
"Gm16046",0.0674994585303227,-0.0542086214913346,0.169,0.229,1
"Rad21",0.0675290024182594,0.0600985927907014,0.481,0.494,1
"Wsb1",0.0676358171074978,-0.0502553575085269,0.165,0.225,1
"Mtmr2",0.0676583215668564,0.0573870611775894,0.272,0.266,1
"Med1",0.067690449832906,0.0582312045610625,0.289,0.278,1
"Anapc2",0.0679800195200749,0.0528191445655782,0.208,0.194,1
"Atg4a",0.0681000715020225,0.0511918464242658,0.16,0.147,1
"Ehd4",0.0682696908243089,-0.0644708768231581,0.438,0.523,1
"Becn1",0.0682919163374264,-0.0563129193789166,0.241,0.316,1
"Supt16",0.0684229762422378,0.0623147872132582,0.449,0.459,1
"Dipk1a",0.0685160624298173,-0.0612930566994248,0.27,0.365,1
"Lima1",0.0687303928141325,-0.0522595992805319,0.72,0.829,1
"Washc4",0.0688455149981113,0.056916198208517,0.238,0.235,1
"Ctdnep1",0.0688979481931469,0.0524495912852987,0.236,0.221,1
"Tmem184b",0.0689296243463374,-0.0580285141973941,0.424,0.516,1
"Hnrnpul1",0.069324320667471,0.0590037593423796,0.342,0.353,1
"Adk",0.0693305329613262,0.0620322398508948,0.253,0.248,1
"Arl4d",0.0693781086910976,-0.0513620206375299,0.134,0.187,1
"Ttc33",0.0694685619738796,-0.0503068986828012,0.157,0.218,1
"Rbck1",0.0695359435084876,-0.0520265524902822,0.196,0.263,1
"Cabin1",0.0695679743568041,0.0528767297938968,0.188,0.174,1
"Larp4",0.0701263776490726,0.0576273429449874,0.273,0.265,1
"Arnt",0.0701785632446033,0.0581415071550994,0.32,0.31,1
"Tspan3",0.0702417893490844,-0.0559614702588545,0.245,0.307,1
"Krtcap2",0.0705274651599978,-0.0554249190987383,0.604,0.704,1
"Snx5",0.0709211287608225,-0.050127289595382,0.163,0.22,1
"Atp6v1a",0.0709328058364416,-0.0590414766878697,0.352,0.432,1
"Rc3h1",0.0712903601661762,0.0616495376704367,0.443,0.446,1
"Pank2",0.0718670487325304,0.056073656005169,0.23,0.212,1
"Ubap2",0.0718949035234079,0.0569760497175779,0.317,0.3,1
"Asb4",0.0723426872918123,-0.0599905467558416,0.205,0.258,1
"Usp7",0.0729097504168563,0.0579782614692793,0.345,0.34,1
"Ubl7",0.0730562756594906,-0.0517679943435491,0.2,0.268,1
"Emp1",0.0732499738623064,0.0567422549707159,0.171,0.152,1
"Parg",0.0737997543852542,0.0538448420629044,0.241,0.228,1
"Ireb2",0.0741914464058032,0.0528755448244427,0.208,0.195,1
"Vps4a",0.0742729575481407,-0.0555376439790199,0.238,0.295,1
"Arap3",0.0743079016979858,-0.0576052336345054,0.458,0.576,1
"Zfp950",0.0744176007752916,0.0585536512889366,0.307,0.295,1
"Ogt",0.0747864390798234,0.0604984589262763,0.394,0.399,1
"Raf1",0.0748446416475303,0.0553745406542891,0.303,0.288,1
"Erg",0.0750932720475821,0.0516860604073928,0.733,0.758,1
"Elovl1",0.0752901761820769,-0.0542825858069313,0.228,0.296,1
"Mlec",0.0759014201222266,-0.0545466396037791,0.197,0.272,1
"Chchd3",0.0769330105632785,0.0583215063405967,0.449,0.458,1
"Magt1",0.0770708634897621,0.059209095553889,0.382,0.37,1
"Cebpd",0.0773907718395301,-0.0618626312999933,0.275,0.35,1
"Wbp11",0.0774305641777051,-0.0587180781794044,0.323,0.411,1
"Ikbkb",0.0775129735051759,-0.0551040444574241,0.266,0.337,1
"Slk",0.0778253564795658,0.0552552510667758,0.637,0.659,1
"Adamts1",0.0781425149920138,0.0743823402762648,0.505,0.525,1
"Sbno1",0.0781486009237447,0.0586219912850638,0.411,0.399,1
"Tardbp",0.0786791821929658,0.0588331957719417,0.346,0.34,1
"Arl3",0.0790972956271076,-0.0568893048682583,0.262,0.357,1
"Ss18",0.0791679786002457,-0.0575243505095949,0.275,0.353,1
"Pgk1",0.0793284294697951,-0.0547223455402847,0.261,0.343,1
"Prdm16",0.0796506646721809,0.0637400549386231,0.424,0.438,1
"Zrsr2",0.0797585445749727,0.0565300949088483,0.287,0.272,1
"Rnf6",0.0800183769400667,-0.0540879891069781,0.222,0.289,1
"Lmo4",0.0802596783251401,-0.0516325817183194,0.169,0.22,1
"Cpm",0.0803114993324452,0.0504858618408638,0.158,0.142,1
"Ubqln1",0.0807820253098569,0.0544828282415643,0.253,0.241,1
"Slc16a9",0.0809940098730533,-0.0614970181087806,0.228,0.296,1
"Hipk3",0.081368531335604,0.057866456567415,0.483,0.503,1
"Celf2",0.0816449338230255,0.0605024430711467,0.266,0.272,1
"Rab6a",0.0817089724288214,-0.0547032983029545,0.523,0.601,1
"Ube4a",0.0819533746101648,0.0543734719897459,0.247,0.242,1
"Tial1",0.0820109974597678,-0.0529134979513284,0.238,0.314,1
"Rbm28",0.0820773826833205,0.0552195309876634,0.264,0.265,1
"Trim34a",0.082142096574984,-0.0523278588762706,0.188,0.255,1
"Zbtb16",0.0822488617186292,-0.056731948733225,0.303,0.375,1
"Sncg",0.082254888300027,-0.0537978433744305,0.144,0.184,1
"Gspt1",0.0822662981076745,-0.0565327520400217,0.405,0.501,1
"Pxn",0.0825814177682737,0.0553548093380064,0.309,0.309,1
"Fam76b",0.082598503194241,-0.0541361221396863,0.273,0.353,1
"Tnfaip1",0.0827134120567863,-0.057429985485723,0.385,0.462,1
"Zranb1",0.082978393938834,0.0570791401310378,0.311,0.303,1
"Elf1",0.0835445505294485,0.0586538793028774,0.506,0.507,1
"Mapk1ip1l",0.0835567536412959,0.052162308238941,0.219,0.2,1
"Rnf220",0.0839598385764875,0.0541150479114096,0.22,0.208,1
"Dnajc8",0.0839936494982223,-0.0542343163360427,0.575,0.669,1
"Thap3",0.0840195179617698,-0.0539706367598319,0.21,0.271,1
"Vegfc",0.08534004781723,0.0755291317489217,0.461,0.458,1
"Herpud2",0.0855191289824712,-0.0514723974695086,0.22,0.297,1
"Tbc1d14",0.0855261589662895,0.0564892944320994,0.323,0.313,1
"Ppp2r3a",0.0856795581852375,0.0601713924376051,0.317,0.329,1
"Copz2",0.0859753128070169,-0.0535778487917205,0.228,0.29,1
"Rb1cc1",0.0861059980384846,0.0569917871674537,0.562,0.579,1
"Zfp639",0.0869166818180488,-0.0506297331786323,0.166,0.221,1
"Fam126b",0.0870572192191797,0.0523487491291841,0.225,0.212,1
"AU040320",0.0876200502966861,0.0521987386251419,0.25,0.244,1
"Ube2h",0.088032550790029,0.0574867685505622,0.408,0.407,1
"Slc16a2",0.0880547660055132,0.0504992175993375,0.713,0.758,1
"Lama3",0.0883476743859359,0.0612830558784189,0.298,0.305,1
"Txnrd1",0.0884327462098572,0.0530047155833709,0.256,0.235,1
"M6pr",0.0884779040286843,-0.0573031949067486,0.3,0.392,1
"Rnf168",0.0884919969696584,0.0526460889386234,0.236,0.231,1
"Rab11fip1",0.0886074641225651,-0.0584228011927305,0.298,0.371,1
"Agpat3",0.0888401028988188,-0.0540520335983011,0.314,0.39,1
"Grb2",0.0889870306463761,-0.0560542761882419,0.384,0.479,1
"Arl5b",0.0893430619318388,0.0519998563700663,0.228,0.214,1
"Ctla2a",0.0893537954334074,0.0799872030199507,0.595,0.574,1
"Micu2",0.0894487762508615,0.0554152144481635,0.286,0.273,1
"Tgfbr1",0.0896530345331116,0.0537324881439346,0.217,0.214,1
"Tie1",0.0897507267352113,-0.0533817301143477,0.557,0.653,1
"Spin1",0.0904052884440691,-0.0512739449959447,0.214,0.297,1
"Aco2",0.0905719388704728,0.0553759046402076,0.349,0.351,1
"Phf2",0.0908173385768361,0.0532674020623659,0.266,0.246,1
"Acyp2",0.0910530762234613,0.0586038340816503,0.273,0.292,1
"Mrpl42",0.0915471081261749,-0.05454381884864,0.244,0.327,1
"Lmntd1",0.0919038579636153,0.0611574255809391,0.264,0.265,1
"Ccdc91",0.0921267879881907,0.0549166911627389,0.32,0.31,1
"Selenot",0.0922295685886126,-0.0548106311746658,0.38,0.472,1
"Pcyt1a",0.0922631740909348,0.0513037116673214,0.236,0.234,1
"Add1",0.0925060879794688,0.0545345674375372,0.5,0.527,1
"Ctnnd1",0.092884460548485,0.0526086736223998,0.618,0.635,1
"Nckap1",0.0929437135611918,0.0500252688582881,0.689,0.728,1
"Lyn",0.0933050481062821,0.056094721758427,0.359,0.348,1
"Ankrd13a",0.0936475487312576,-0.0548801343702546,0.404,0.492,1
"Zfp423",0.0942391634972872,0.0502681739078724,0.2,0.186,1
"Adgrl3",0.0944322676403109,0.0766560667664054,0.286,0.282,1
"Exoc5",0.0945178398225083,0.0563281484808857,0.425,0.422,1
"Ly75",0.0946226263436494,0.0544638371916387,0.306,0.305,1
"Sept10",0.0949540480420761,-0.0525123940140346,0.266,0.334,1
"Pdha1",0.0950206035358019,-0.0503872407458776,0.205,0.271,1
"Rasgrp2",0.0962046040952172,-0.0551274840983571,0.503,0.605,1
"Tmem165",0.0965151091835252,-0.0507850120096167,0.236,0.3,1
"Ate1",0.096636177871576,-0.0512354007346753,0.25,0.31,1
"Gatad2a",0.0969619864404089,-0.0537304686663207,0.436,0.516,1
"Crk",0.0975113763380359,0.0540950188749442,0.439,0.433,1
"Herc6",0.0990678109105993,0.0551318063795716,0.284,0.283,1
"Adgrl2",0.0991774898244235,0.0538505975161041,0.612,0.64,1
"Nhlrc2",0.0994891330051585,0.0530736793261588,0.261,0.245,1
"Eprs",0.0997836869324342,0.0558075221136254,0.399,0.401,1
"Atp2b1",0.101030761055552,0.0537853919473397,0.584,0.602,1
"Dnajc21",0.101363310633609,-0.0529859739877183,0.253,0.31,1
"Sorbs3",0.102117819914588,0.0532352316118707,0.349,0.354,1
"Stard4",0.103365972742653,0.0512962988450159,0.289,0.292,1
"Rrm2b",0.103435273915182,-0.0524826952414687,0.301,0.375,1
"Hmox2",0.104056784996785,-0.0506091493981181,0.244,0.309,1
"Ube2w",0.104518831060276,-0.0510822314359763,0.244,0.32,1
"S100a1",0.105280604089051,-0.0556669043729796,0.362,0.445,1
"Os9",0.105568040553713,-0.0526520585299896,0.346,0.419,1
"Lman1",0.105676532536235,-0.0522785500142406,0.45,0.552,1
"Acap2",0.106380217179312,0.0553175757886379,0.394,0.405,1
"Hltf",0.106558904085492,0.0504355022956254,0.283,0.275,1
"Anapc5",0.107202838494144,-0.0511261276344134,0.356,0.411,1
"Nsmce1",0.108161886453027,-0.0512977125707562,0.272,0.347,1
"Wasl",0.108445940642418,-0.0535052883791377,0.387,0.463,1
"Zfp280d",0.108713651109592,0.0538099681548028,0.37,0.373,1
"Rpn2",0.109776986144563,-0.0511294705511436,0.366,0.455,1
"Lypd1",0.109822533757021,0.0590848729694621,0.207,0.187,1
"Cfap36",0.109963497521072,0.0515896551207238,0.227,0.244,1
"Rev3l",0.110225104446225,0.0506046724597991,0.238,0.228,1
"Nono",0.110466509326419,-0.0530192874029508,0.359,0.45,1
"Hsd17b4",0.110574465271467,0.0513298605323719,0.3,0.307,1
"Add3",0.111830581947689,0.0512867785660333,0.606,0.615,1
"Idh3b",0.113835788877638,-0.0507046298872002,0.264,0.336,1
"Krcc1",0.113906029451908,-0.0536057314819468,0.408,0.483,1
"Riok3",0.114455877229473,-0.051304054394142,0.334,0.415,1
"Reck",0.114648753936583,0.0539865316977309,0.526,0.545,1
"Trak1",0.114876697757175,0.0515949856092899,0.314,0.309,1
"Zkscan3",0.115281940220139,-0.0509960555844263,0.295,0.363,1
"Desi2",0.115289745355572,0.0518996995598738,0.321,0.331,1
"Use1",0.116672293905948,-0.0518905504961328,0.382,0.469,1
"Cpne1",0.118762777256262,0.0501653651525856,0.335,0.346,1
"Hk1",0.118789934686335,0.0504207867524259,0.332,0.329,1
"Car5a",0.118862129024684,0.0568058782541262,0.272,0.248,1
"Sertad2",0.119258111734526,0.0519464297809993,0.419,0.438,1
"Gpr4",0.119409008568622,-0.0516272909775822,0.325,0.411,1
"Arhgdib",0.120181146601927,-0.0526138748140851,0.289,0.357,1
"Calu",0.120472905057622,0.0515807316847475,0.477,0.476,1
"Rmnd5a",0.121072419296712,0.0509593182528337,0.36,0.365,1
"Rif1",0.121108266446025,0.0531907999424003,0.343,0.324,1
"Rbbp7",0.122921945426186,-0.0510194874922154,0.335,0.412,1
"Irf2bp2",0.12414859399721,-0.0505721605246938,0.37,0.439,1
"Stat1",0.124891189295469,-0.0523169454993465,0.363,0.432,1
"Zfp326",0.125860662036339,-0.0502560277214578,0.281,0.35,1
"Uri1",0.12732602896719,0.0503606905454973,0.297,0.292,1
"Sesn1",0.127352993473494,0.053705568417142,0.377,0.384,1
"Tnrc6a",0.128187097232793,0.0511844294175176,0.45,0.45,1
"Eci2",0.130790849099897,-0.0500690321637864,0.374,0.47,1
"Thbd",0.131545652606823,-0.0527006280734099,0.436,0.507,1
"Pcdh19",0.131758988829021,0.0511361388500906,0.287,0.286,1
"Msrb3",0.1340263669173,0.0501422336069853,0.523,0.545,1
"Sema3g",0.144809445884523,0.0559689926958949,0.514,0.52,1
"Ascc3",0.144947178807965,0.0510035912844959,0.429,0.433,1
"Iigp1",0.147710263885,-0.0510486980144271,0.259,0.312,1
"Fmo2",0.151889159541221,-0.0561952034832037,0.163,0.205,1
"Slc40a1",0.155125136998472,-0.0519759496857005,0.477,0.565,1
"Stmn2",0.173991498577791,-0.0594525280107645,0.5,0.513,1
"Higd1b",0.177026526355481,0.0523533400894897,0.231,0.246,1
"Rgs5",0.188460072624636,0.0650962703446749,0.525,0.538,1
